0.000000 0.983470
0.000225 0.990040
0.000003 0.998560
0.000000 0.974260
0.000000 0.997560
0.000020 0.241920
0.000154 0.999330
0.000050 0.994420
0.000294 0.999860
0.004521 0.986090
0.000035 0.992100
0.000026 0.966990
0.000090 0.996190
0.000138 0.998000
0.961330 0.999940
0.000000 0.084379
0.000000 0.859980
0.000160 0.991500
0.000668 0.827070
0.020289 0.999990
0.015322 0.998540
0.044956 0.995330
0.035361 0.999020
0.000000 0.975580
0.000000 0.934710
0.162250 0.999970
0.000038 0.989300
0.021744 0.999670
0.000973 0.996610
0.000031 0.987410
0.000150 0.990010
0.000013 0.767000
0.000287 0.996090
0.000000 0.000095
0.001218 0.996820
0.000004 0.997850
0.000000 0.632530
0.000035 0.999690
0.011509 0.994540
0.029552 0.526600
0.002576 0.998240
0.001332 0.999050
0.070725 0.996370
0.000013 0.784300
0.000001 0.978590
0.001567 0.972800
0.000024 0.990560
0.227710 0.996690
0.000182 0.999680
0.000000 0.981740
0.015097 0.853540
0.000307 0.992050
0.000537 0.999840
0.000034 0.994900
0.000623 0.998200
0.000923 0.999550
0.000035 0.996940
0.000004 0.993170
0.002139 0.992910
0.000000 0.610410
0.000027 0.999600
0.026861 0.809140
0.000000 0.972480
0.000796 0.963460
0.000002 0.995780
0.003352 0.995290
0.000012 0.991460
0.000016 0.988870
0.000000 0.977780
0.000240 0.999430
0.000003 0.998200
0.011368 0.997090
0.000026 0.980170
0.533150 0.998260
0.145810 0.999980
0.013468 0.949870
0.000472 0.967310
0.639290 0.999970
0.984230 0.999960
0.000014 0.998940
0.001011 0.992550
0.000000 0.977530
0.000000 0.992870
0.000835 0.999570
0.016144 0.999770
0.017609 0.999990
0.000000 0.943410
0.000005 0.823600
0.000218 0.994560
0.000010 0.998440
0.000006 0.996560
0.007383 0.997880
0.502350 0.999990
0.000753 0.991260
0.000004 0.984860
0.014511 0.999870
0.024599 0.989660
0.069710 0.999970
0.000051 0.993450
0.005235 0.995690
0.970270 0.997130
0.001604 0.994610
0.000986 0.957710
0.125620 0.999840
0.000000 0.982430
0.002843 0.992820
0.001407 0.992710
0.033402 0.995650
0.967490 0.999940
0.000002 0.966400
0.000000 0.020442
0.000003 0.775910
0.004237 0.935240
0.900650 0.999990
0.000028 0.687850
0.000496 0.989760
0.000003 0.129280
0.387300 0.998490
0.294600 0.999930
0.000657 0.791710
0.006977 0.999780
0.000065 0.533390
0.000011 0.999470
0.001196 0.996140
0.000008 0.999810
0.679990 0.999940
0.000576 0.999830
0.000098 0.999880
0.244180 0.998370
0.000000 0.998980
0.022133 0.997900
0.001782 0.983040
0.000001 0.938800
0.000015 0.961160
0.000000 0.891620
0.001014 0.924670
0.000000 0.996750
0.000022 0.985440
0.000232 0.999820
0.000004 0.025962
0.000116 0.992010
0.632950 0.998440
0.000034 0.999690
0.021864 0.999490
0.969150 0.999780
0.004829 0.992480
0.000032 0.981470
0.000208 0.996690
0.024390 0.998820
0.004186 0.994970
0.000002 0.990860
0.962300 0.995310
0.000033 0.999770
0.000079 0.582820
0.002217 0.991280
0.000003 0.978160
0.010109 0.999790
0.000001 0.970400
0.000010 0.978400
0.000082 0.968640
0.010758 0.997250
0.000009 0.998990
0.000377 0.999710
0.000000 0.133730
0.000039 0.960450
0.001061 0.566000
0.066958 0.999950
0.000096 0.992060
0.000000 0.006700
0.000194 0.999850
0.268770 0.999930
0.002626 0.998010
0.025652 0.979720
0.000374 0.997490
0.000185 0.999360
0.002049 0.991140
0.000008 0.988690
0.000097 0.989090
0.000001 0.999030
0.001356 0.991890
0.000018 0.980560
0.000003 0.735940
0.005123 0.999700
0.001618 0.995880
0.000679 0.998080
0.887040 0.999990
0.000021 0.995170
0.000016 0.997160
0.000000 0.003988
0.000000 0.999930
0.000133 0.999880
0.000150 0.978350
0.010949 0.999300
0.006566 0.946650
0.000001 0.049643
0.014529 0.999980
0.000010 0.997540
0.011144 0.998710
0.008128 0.999990
0.000006 0.966460
0.000000 0.993490
0.001142 0.996990
0.000000 0.000031
0.002483 0.998210
0.000041 0.965170
0.000011 0.997650
0.000007 0.997390
0.000109 0.996410
0.000026 0.722580
0.012137 0.999580
0.000000 0.904340
0.400550 0.999750
0.000001 0.968250
0.000044 0.989980
0.000000 0.838470
0.000006 0.969570
0.000000 0.791480
0.010112 0.999900
0.003853 0.623230
0.019803 0.999910
0.000080 0.976880
0.000000 0.971500
0.000420 0.998570
0.108570 0.865510
0.000244 0.994730
0.000000 0.028816
0.135180 0.999260
0.000000 0.999630
0.000166 0.254200
0.000000 0.996850
0.000000 0.006594
0.000744 0.828430
0.012743 0.995870
0.000843 0.999820
0.000000 0.001291
0.016106 0.999830
0.000000 0.922460
0.000252 0.999850
0.000082 0.993410
0.000463 0.982720
0.283660 0.999780
0.000738 0.994770
0.855130 0.999990
0.027496 0.999800
0.000001 0.993950
0.000003 0.863580
0.000003 0.983830
0.009135 0.991610
0.505460 0.998380
0.000001 0.102080
0.001408 0.998670
0.745620 0.999950
0.000008 0.989670
0.020587 0.992320
0.002312 0.956240
0.004597 0.999890
0.000001 0.681190
0.001809 0.994890
0.092563 0.999950
0.000009 0.967930
0.002264 0.999220
0.000002 0.999470
0.000005 0.714120
0.000016 0.993680
0.000006 0.999680
0.298500 0.999570
0.002242 0.998430
0.000294 0.999030
0.007559 0.996270
0.001233 0.999950
0.000003 0.934070
0.000005 0.990060
0.000147 0.942740
0.064196 0.324540
0.002706 0.999920
0.000872 0.999700
0.000034 0.994670
0.000000 0.407620
0.007415 0.985700
0.000000 0.285130
0.143830 0.999790
0.000646 0.986440
0.207730 0.994140
0.001626 0.982750
0.000173 0.964850
0.000003 0.861170
0.001682 0.999890
0.909560 0.998480
0.000000 0.903610
0.000190 0.997470
0.006607 0.999520
0.000000 0.996220
0.000689 0.945050
0.014708 0.998480
0.001190 0.999940
0.000069 0.996260
0.000692 0.760580
0.529890 0.999530
0.000000 0.891570
0.000000 0.999310
0.000513 0.530210
0.000521 0.998130
0.003012 0.999430
0.000002 0.999110
0.000508 0.990220
0.000000 0.812650
0.000000 0.986450
0.008794 0.996900
0.000517 0.993200
0.000000 0.979950
0.259840 0.999890
0.000000 0.054941
0.000073 0.999190
0.000009 0.995810
0.000528 0.993600
0.000004 0.856350
0.000119 0.999960
0.000045 0.060448
0.000160 0.991200
0.000235 0.982980
0.000143 0.680430
0.000023 0.999730
0.000000 0.352790
0.000000 0.994880
0.000003 0.988820
0.000036 0.999920
0.000877 0.999880
0.000015 0.892870
0.000090 0.997700
0.000056 0.959970
0.002795 0.993920
0.009397 0.988250
0.000000 0.996530
0.000060 0.995880
0.000031 0.997620
0.718940 0.999940
0.000075 0.852570
0.680110 0.997880
0.000004 0.458180
0.000016 0.960310
0.024141 0.997180
0.000018 0.928570
0.000012 0.994750
0.000102 0.999110
0.010187 0.951800
0.950510 0.999500
0.000000 0.999210
0.000000 0.966630
0.000001 0.994850
0.000651 0.698840
0.052967 0.999780
0.000051 0.982830
0.791290 0.999800
0.000134 0.997080
0.000001 0.996660
0.000674 0.999540
0.000042 0.967670
0.000028 0.977580
0.012107 0.993500
0.004929 0.990250
0.029890 0.996760
0.111920 0.997360
0.000000 0.998830
0.000066 0.790010
0.000009 0.943070
0.000058 0.999660
0.000009 0.898830
0.000002 0.965330
0.029814 0.998320
0.159790 0.999660
0.000034 0.783410
0.003152 0.994230
0.000000 0.987040
0.000517 0.999870
0.000000 0.999920
0.678490 0.998670
0.000107 0.946430
0.000000 0.929680
0.014299 0.998690
0.000384 0.983850
0.000070 0.998650
0.000001 0.992740
0.000654 0.993960
0.042587 0.991550
0.000004 0.567190
0.009097 0.952870
0.000075 0.999930
0.000001 0.999340
0.000070 0.998890
0.000016 0.980250
0.006770 0.998780
0.000000 0.088416
0.003647 0.999630
0.020216 0.999990
0.000057 0.999980
0.000034 0.910530
0.000285 0.666890
0.000005 0.993890
0.002821 0.996990
0.004648 0.896470
0.000305 0.998690
0.000001 0.684970
0.000000 0.994060
0.902860 0.998460
0.001102 0.999060
0.000025 0.977160
0.000009 0.993590
0.000291 0.996210
0.000249 0.986970
0.000911 0.994250
0.000680 0.332010
0.002754 0.999810
0.932030 0.998420
0.000740 0.999900
0.002419 0.999920
0.000047 0.870010
0.007117 0.998430
0.000000 0.033685
0.000000 0.989350
0.000006 0.992920
0.800960 0.993580
0.170500 0.999770
0.000199 0.999550
0.000161 0.954060
0.000000 0.845640
0.000002 0.998360
0.000000 0.967270
0.000064 0.999670
0.000011 0.907970
0.003051 0.998610
0.016448 0.998320
0.063557 0.999780
0.005821 0.999670
0.000008 0.981760
0.000000 0.003020
0.000001 0.794540
0.000336 0.912630
0.527400 0.997930
0.000005 0.996380
0.096288 0.999950
0.506450 0.999780
0.000216 0.996780
0.000012 0.997630
0.000027 0.815900
0.395190 0.999920
0.111050 0.999700
0.000000 0.990500
0.000036 0.997850
0.000001 0.809250
0.000001 0.995850
0.000008 0.997320
0.939240 0.998350
0.000195 0.908630
0.000321 0.999650
0.005052 0.950910
0.015007 0.997860
0.721540 0.999930
0.001447 0.995850
0.000000 0.999930
0.000159 0.987200
0.149480 0.999940
0.000025 0.991940
0.000090 0.982180
0.000000 0.289590
0.000027 0.978330
0.847210 0.999990
0.000003 0.968680
0.000000 0.000023
0.000050 0.882180
0.000002 0.999890
0.000127 0.995380
0.001321 0.843870
0.000000 0.997540
0.120180 0.999780
0.189770 0.999570
0.000001 0.896320
0.000112 0.984820
0.000000 0.999770
0.018191 0.999980
0.140400 0.999490
0.000000 0.996570
0.000002 0.418120
0.000004 0.988640
0.001531 0.999980
0.014213 0.861960
0.892780 0.999940
0.000005 0.966400
0.000605 0.990440
0.000283 0.998280
0.144460 0.999860
0.290970 0.967000
0.000038 0.999650
0.233180 0.999650
0.065733 0.999080
0.112490 0.999820
0.917520 0.999950
0.000020 0.990900
0.016486 0.999990
0.005919 0.997170
0.000005 0.999290
0.000010 0.997650
0.694280 0.999990
0.001500 0.998560
0.000000 0.849210
0.000000 0.991680
0.000052 0.959070
0.000016 0.995400
0.000253 0.997110
0.000037 0.997130
0.000321 0.708320
0.000784 0.998160
0.570870 0.999920
0.051904 0.999910
0.000001 0.985720
0.000629 0.998340
0.000067 0.995040
0.134410 0.996930
0.000049 0.889740
0.006822 0.992600
0.003578 0.975240
0.000277 0.997100
0.000001 0.692940
0.000036 0.990360
0.000092 0.981880
0.000220 0.990160
0.000022 0.999850
0.055154 0.998670
0.001422 0.998320
0.000021 0.999980
0.000012 0.968800
0.000002 0.979450
0.000001 0.761290
0.000001 0.538360
0.000063 0.998430
0.001113 0.998510
0.000023 0.998310
0.000041 0.569380
0.000000 0.206370
0.000001 0.999930
0.000180 0.997580
0.001884 0.898890
0.030232 0.999690
0.004158 0.998800
0.768010 0.999920
0.000127 0.997650
0.000032 0.991840
0.000321 0.995240
0.000404 0.997580
0.041446 0.999470
0.000000 0.984490
0.000000 0.997340
0.000005 0.961120
0.148040 0.998460
0.000310 0.999970
0.006655 0.997970
0.170260 0.997760
0.000000 0.995510
0.000388 0.988560
0.000753 0.975980
0.000638 0.980380
0.000015 0.999950
0.000044 0.981420
0.000562 0.997630
0.000037 0.413900
0.183680 0.999970
0.000030 0.999950
0.000885 0.993040
0.039067 0.999980
0.002893 0.999920
0.395580 0.999960
0.000660 0.996700
0.001056 0.997720
0.000128 0.990790
0.000046 0.994740
0.000004 0.720530
0.000000 0.972340
0.000104 0.973460
0.037100 0.997510
0.031389 0.996080
0.003183 0.997700
0.000110 0.999670
0.000000 0.011349
0.000467 0.986770
0.000000 0.962620
0.000030 0.999670
0.000750 0.995930
0.002877 0.999940
0.000108 0.847340
0.715450 0.999370
0.001494 0.997430
0.988530 0.998370
0.997450 0.999580
0.395900 0.999890
0.169840 0.999350
0.000000 0.842220
0.000700 0.997220
0.166460 0.999970
0.000002 0.998710
0.006944 0.999980
0.009697 0.998840
0.004735 0.999070
0.000510 0.985430
0.001728 0.998260
0.000000 0.395390
0.000000 0.996740
0.000021 0.993020
0.000022 0.999060
0.000673 0.999290
0.025356 0.998380
0.000001 0.984520
0.083505 0.999940
0.959180 0.999980
0.126960 0.999910
0.007157 0.993020
0.000000 0.041334
0.000000 0.999830
0.006895 0.998310
0.000037 0.991930
0.000006 0.999570
0.000209 0.997280
0.000015 0.984990
0.000036 0.999250
0.000044 0.975030
0.000003 0.902430
0.047599 0.994860
0.019910 0.998230
0.000681 0.999740
0.000907 0.999680
0.000000 0.747590
0.000000 0.012974
0.000227 0.948130
0.000002 0.997270
0.000000 0.910490
0.000000 0.976160
0.000015 0.998370
0.000003 0.840500
0.000005 0.998670
0.004674 0.997260
0.181490 0.997560
0.000001 0.996000
0.074328 0.999910
0.000013 0.674750
0.035336 0.999970
0.000370 0.992820
0.000029 0.999940
0.000270 0.998900
0.008470 0.765570
0.002041 0.996360
0.000001 0.994300
0.000000 0.997170
0.000000 0.990510
0.002249 0.999490
0.000120 0.992490
0.022671 0.999910
0.368670 0.997370
0.000000 0.964250
0.000058 0.980310
0.000299 0.999870
0.001033 0.990210
0.001594 0.999660
0.984880 0.999980
0.000007 0.997160
0.011571 0.983720
0.001987 0.996350
0.000008 0.681970
0.020315 0.995910
0.013035 0.998590
0.154460 0.992650
0.000524 0.999450
0.001705 0.970170
0.000003 0.881850
0.000088 0.988120
0.049727 0.996660
0.022276 0.996580
0.000126 0.941180
0.000001 0.997350
0.015291 0.999830
0.006463 0.999940
0.000000 0.999780
0.000006 0.994600
0.000000 0.018363
0.000000 0.845460
0.950120 0.999970
0.000000 0.997130
0.000000 0.871070
0.000000 0.917390
0.000012 0.922100
0.000000 0.968150
0.000259 0.999950
0.354610 0.999930
0.000000 0.944060
0.001639 0.995530
0.000029 0.906030
0.027915 0.985070
0.002971 0.993890
0.010922 0.998460
0.125110 0.993530
0.000135 0.999670
0.000000 0.050377
0.000000 0.965760
0.000000 0.154260
0.000003 0.995790
0.000024 0.999280
0.000010 0.182400
0.000143 0.999730
0.006926 0.998660
0.000001 0.903980
0.000000 0.097422
0.009199 0.973290
0.000131 0.998410
0.000002 0.995470
0.000012 0.938000
0.000026 0.994640
0.196000 0.999940
0.005682 0.999600
0.009459 0.991160
0.005657 0.978860
0.000042 0.990670
0.000000 0.930710
0.000269 0.991240
0.000000 0.574850
0.556420 0.999930
0.001085 0.999900
0.001944 0.903240
0.823130 0.999910
0.003028 0.991010
0.000124 0.999660
0.004025 0.295460
0.000000 0.950300
0.033850 0.996820
0.000012 0.772130
0.179790 0.999450
0.089798 0.999960
0.012824 0.997390
0.132230 0.999930
0.000000 0.998100
0.000000 0.711690
0.230680 0.987160
0.000014 0.903170
0.000030 0.999990
0.000003 0.962330
0.003132 0.999940
0.000710 0.999780
0.000073 0.934030
0.000000 0.998330
0.000010 0.747480
0.000044 0.885890
0.000007 0.993370
0.000000 0.882240
0.000106 0.997910
0.000013 0.759780
0.000598 0.990120
0.000002 0.694460
0.010021 0.999030
0.000001 0.997900
0.435850 0.999280
0.000002 0.994250
0.000067 0.959990
0.043801 0.996990
0.000457 0.999990
0.002156 0.995790
0.000000 0.958360
0.000005 0.467680
0.001377 0.960010
0.000001 0.993590
0.000003 0.999870
0.136560 0.999710
0.609670 0.999060
0.000166 0.996720
0.001922 0.984510
0.000001 0.999810
0.000141 0.994760
0.087763 0.998650
0.001893 0.994870
0.000000 0.525620
0.001110 0.983760
0.455050 0.999610
0.000013 0.997480
0.001697 0.999610
0.000000 0.809210
0.000391 0.998490
0.002054 0.997880
0.000082 0.970600
0.000276 0.942710
0.000021 0.999770
0.000000 0.999670
0.000000 0.006916
0.065030 0.996610
0.000131 0.999250
0.000108 0.989760
0.000131 0.997130
0.000013 0.885960
0.000000 0.991680
0.000002 0.447370
0.000053 0.994980
0.018097 0.999940
0.206850 0.999940
0.000000 0.914640
0.000000 0.457960
0.000000 0.992250
0.000000 0.290910
0.000000 0.106750
0.255050 0.999500
0.030554 0.999700
0.762070 0.999900
0.000000 0.994940
0.025345 0.991560
0.038242 0.999900
0.000000 0.993990
0.000003 0.989380
0.000002 0.996900
0.000000 0.976040
0.000057 0.982300
0.000787 0.993270
0.000002 0.958300
0.000000 0.998400
0.000001 0.999580
0.003585 0.998640
0.000000 0.986530
0.000311 0.997770
0.037464 0.995780
0.024873 0.986370
0.000035 0.987750
0.000010 0.969570
0.001474 0.997670
0.000006 0.985340
0.765150 0.999930
0.825320 0.997980
0.000316 0.998060
0.000024 0.992250
0.000308 0.999860
0.000013 0.995760
0.000016 0.913610
0.000000 0.989990
0.000032 0.973230
0.000001 0.868140
0.000004 0.871090
0.000001 0.881900
0.160150 0.999950
0.959890 0.999960
0.013967 0.999470
0.000000 0.980690
0.005752 0.999640
0.000006 0.970100
0.017024 0.999840
0.000002 0.883860
0.000000 0.089461
0.000012 0.982260
0.871770 0.999600
0.000000 0.808510
0.000000 0.982080
0.000065 0.998650
0.023882 0.996320
0.001339 0.974650
0.003919 0.999690
0.000040 0.901050
0.000017 0.986330
0.000000 0.958430
0.000003 0.990920
0.000231 0.995430
0.000000 0.974780
0.002380 0.998720
0.034072 0.998270
0.979170 0.998040
0.146160 0.993850
0.000001 0.178750
0.028438 0.971600
0.000248 0.958320
0.044747 0.999710
0.000007 0.998730
0.000000 0.148890
0.001020 0.999930
0.159860 0.950110
0.193950 0.998460
0.000185 0.995980
0.000023 0.998720
0.000002 0.998450
0.000004 0.995320
0.076027 0.999990
0.000000 0.998340
0.000538 0.995930
0.000766 0.999760
0.000122 0.992630
0.065584 0.999480
0.012228 0.996800
0.218490 0.998210
0.000002 0.973510
0.000000 0.886220
0.000804 0.847800
0.455560 0.999930
0.000683 0.996820
0.000006 0.998350
0.033016 0.996800
0.000023 0.937530
0.068059 0.989800
0.000441 0.998830
0.058688 0.999920
0.000000 0.999520
0.006724 0.995870
0.001702 0.999950
0.001953 0.994160
0.392450 0.999920
0.001985 0.999740
0.084487 0.997440
0.728440 0.999580
0.000214 0.999920
0.000000 0.995970
0.018715 0.989990
0.000014 0.999900
0.062659 0.999710
0.003389 0.990810
0.069797 0.995850
0.000000 0.965600
0.000406 0.991320
0.000013 0.999690
0.000061 0.998280
0.000014 0.996380
0.696900 0.998690
0.000002 0.997580
0.004123 0.997400
0.000000 0.988980
0.000042 0.847710
0.000836 0.960150
0.000001 0.976090
0.000000 0.379860
0.000640 0.999680
0.000155 0.996350
0.000000 0.443620
0.060730 0.999890
0.000068 0.995820
0.145330 0.939200
0.000001 0.947940
0.000000 0.984770
0.001769 0.999830
0.000013 0.999740
0.906500 0.999940
0.404550 0.999960
0.000898 0.995040
0.715320 0.995250
0.000000 0.804320
0.000027 0.999330
0.000008 0.999290
0.000082 0.546850
0.000002 0.999340
0.000000 0.983200
0.000000 0.983670
0.003529 0.999120
0.000000 0.969500
0.736750 0.999990
0.000000 0.975390
0.592320 0.997800
0.000000 0.169040
0.006115 0.997850
0.000000 0.463930
0.008391 0.999430
0.501980 0.996970
0.000084 0.888590
0.000062 0.917260
0.000484 0.993690
0.685500 0.999600
0.000003 0.996340
0.000814 0.995860
0.326370 0.999550
0.043605 0.721010
0.069484 0.999400
0.000982 0.997120
0.721440 0.998470
0.011340 0.983190
0.000008 0.997820
0.000356 0.999690
0.010975 0.970270
0.000050 0.963700
0.000057 0.999770
0.000011 0.955350
0.000000 0.248760
0.871150 0.998480
0.000000 0.993560
0.026076 0.998640
0.000003 0.646520
0.052610 0.993860
0.000027 0.801640
0.001597 0.996930
0.001771 0.991320
0.000007 0.995040
0.001003 0.998600
0.725000 0.999490
0.000923 0.996060
0.069137 0.997790
0.004090 0.992830
0.000071 0.976220
0.000000 0.974110
0.004244 0.987180
0.000000 0.988190
0.000000 0.161240
0.000112 0.979310
0.000084 0.997130
0.000000 0.986670
0.000212 0.432820
0.000006 0.999890
0.000058 0.910850
0.035627 0.997190
0.002618 0.999010
0.000002 0.973530
0.945150 0.999750
0.004720 0.996720
0.000017 0.867850
0.000176 0.924100
0.000003 0.992340
0.160600 0.999940
0.000028 0.992280
0.210940 0.993960
0.000132 0.139960
0.000005 0.899210
0.000646 0.986930
0.001954 0.965070
0.006099 0.998020
0.000122 0.998900
0.000000 0.982580
0.000000 0.990900
0.000050 0.993540
0.000003 0.992250
0.000759 0.998930
0.001247 0.992570
0.930090 0.998670
0.000000 0.995930
0.002766 0.999890
0.000000 0.964140
0.463460 0.995980
0.030343 0.999900
0.000329 0.981600
0.000000 0.625160
0.001527 0.999370
0.000954 0.990380
0.000097 0.998800
0.000025 0.921880
0.000046 0.999650
0.000939 0.996200
0.196420 0.999920
0.024139 0.999800
0.019677 0.999840
0.000000 0.812910
0.000202 0.999770
0.000007 0.705220
0.000000 0.975280
0.000545 0.969700
0.000154 0.901700
0.995920 0.999990
0.000074 0.996200
0.002303 0.992630
0.038807 0.996210
0.002196 0.992410
0.000043 0.997010
0.534110 0.999770
0.004239 0.994040
0.000852 0.986450
0.990540 0.998480
0.000002 0.985030
0.000009 0.966970
0.013124 0.999760
0.000012 0.965760
0.115790 0.997040
0.000506 0.999490
0.000322 0.996900
0.922410 0.998440
0.000065 0.964460
0.000008 0.983600
0.000031 0.996440
0.000000 0.100950
0.021304 0.997750
0.000084 0.993140
0.000000 0.902030
0.000000 0.795750
0.000550 0.998780
0.000257 0.959460
0.703500 0.999940
0.000008 0.839600
0.000537 0.973330
0.000022 0.958420
0.000107 0.988690
0.000000 0.990330
0.355060 0.999780
0.000056 0.927770
0.000060 0.903260
0.001802 0.998650
0.001011 0.995210
0.000013 0.998580
0.000503 0.994830
0.000284 0.981380
0.000481 0.977010
0.055191 0.999680
0.000000 0.998830
0.977280 0.999990
0.000009 0.991640
0.000000 0.842710
0.001475 0.998600
0.000035 0.984520
0.000001 0.994430
0.000139 0.999150
0.000000 0.999900
0.000054 0.996690
0.000008 0.997560
0.000001 0.959600
0.000124 0.999970
0.003895 0.999480
0.050259 0.988690
0.000317 0.994630
0.714010 0.998410
0.000000 0.786730
0.025529 0.995800
0.000915 0.994010
0.011964 0.999780
0.000000 0.996470
0.000265 0.999070
0.003175 0.999450
0.000056 0.987990
0.000001 0.960200
0.000072 0.986240
0.944610 0.999910
0.000351 0.998360
0.819920 0.999950
0.000010 0.998460
0.000000 0.041933
0.000000 0.988750
0.000318 0.716260
0.003219 0.999780
0.016072 0.999690
0.001135 0.999490
0.002342 0.996190
0.001353 0.837910
0.095669 0.999940
0.000000 0.986490
0.683910 0.999480
0.019471 0.999960
0.008106 0.996990
0.205050 0.999920
0.000002 0.992750
0.000000 0.997800
0.014181 0.997580
0.001025 0.997690
0.000069 0.998480
0.464860 0.996950
0.000000 0.991460
0.000185 0.982260
0.227860 0.999910
0.000018 0.996930
0.000055 0.954390
0.000008 0.973690
0.000019 0.998660
0.002676 0.996770
0.000195 0.835610
0.000097 0.975620
0.002069 0.992890
0.001387 0.999750
0.000000 0.832050
0.000007 0.965000
0.000000 0.993600
0.000088 0.998340
0.000000 0.998440
0.000984 0.982190
0.005820 0.999730
0.000419 0.990930
0.156850 0.998260
0.000086 0.999280
0.005114 0.994220
0.000002 0.797570
0.000791 0.986970
0.724760 0.999970
0.007992 0.984850
0.000303 0.984510
0.052299 0.999380
0.073814 0.978200
0.000002 0.954440
0.000024 0.992080
0.000000 0.988130
0.000006 0.999250
0.000032 0.995240
0.000025 0.992840
0.000007 0.976950
0.000001 0.867750
0.000919 0.995800
0.035379 0.999490
0.012354 0.994270
0.676920 0.999960
0.000015 0.999090
0.000011 0.992650
0.137870 0.999880
0.002726 0.976450
0.000003 0.999230
0.001392 0.999160
0.773850 0.998440
0.000000 0.442650
0.006183 0.984680
0.000500 0.998280
0.000008 0.242230
0.000033 0.989220
0.000006 0.998880
0.000000 0.999700
0.000376 0.856960
0.000000 0.996160
0.005293 0.985440
0.018267 0.939100
0.000033 0.999780
0.000000 0.109190
0.000005 0.998400
0.000000 0.001581
0.000001 0.558950
0.188320 0.997690
0.008135 0.995240
0.000000 0.949720
0.000055 0.999910
0.000593 0.985210
0.000002 0.998570
0.001996 0.993860
0.042708 0.998420
0.000267 0.999900
0.050208 0.999310
0.000469 0.997460
0.000121 0.999770
0.242370 0.999050
0.005835 0.994770
0.000041 0.999800
0.008518 0.998690
0.000001 0.981900
0.084911 0.996760
0.000009 0.999260
0.001137 0.982480
0.000000 0.837440
0.000025 0.995170
0.000513 0.997330
0.208180 0.995300
0.000002 0.993870
0.928050 0.999990
0.000001 0.915140
0.000001 0.992560
0.000071 0.973670
0.000000 0.999800
0.000053 0.999030
0.182790 0.997960
0.000001 0.998850
0.000712 0.999830
0.000000 0.695700
0.000000 0.943040
0.000001 0.718250
0.000000 0.377930
0.860160 0.999910
0.000795 0.980230
0.000593 0.999850
0.000019 0.998490
0.000001 0.998180
0.000327 0.997610
0.000000 0.994840
0.003729 0.999980
0.000100 0.988810
0.000061 0.990510
0.000000 0.496060
0.000000 0.835450
0.000000 0.842810
0.033912 0.998680
0.001648 0.995940
0.000069 0.999320
0.010821 0.994080
0.179480 0.999780
0.000001 0.255290
0.000124 0.957000
0.000238 0.590920
0.000002 0.989920
0.000000 0.982410
0.007736 0.999410
0.001396 0.996540
0.078040 0.972400
0.059772 0.999900
0.000070 0.999980
0.270400 0.987360
0.040267 0.994150
0.000442 0.997970
0.000028 0.657070
0.349790 0.998120
0.001747 0.985540
0.023107 0.999830
0.000000 0.241620
0.000027 0.946150
0.001037 0.996430
0.000029 0.992640
0.000000 0.918890
0.000001 0.907640
0.008281 0.999960
0.000273 0.878010
0.000002 0.485560
0.009407 0.996180
0.000011 0.392380
0.000001 0.995620
0.000029 0.750990
0.000069 0.991670
0.000013 0.999930
0.000107 0.997210
0.000206 0.891620
0.000000 0.106430
0.067643 0.998470
0.000000 0.985100
0.000000 0.986990
0.000064 0.984140
0.002863 0.989470
0.006066 0.994210
0.000193 0.999620
0.187620 0.992410
0.000065 0.997750
0.020382 0.999920
0.551100 0.999970
0.000000 0.112940
0.001570 0.991710
0.000138 0.995640
0.000100 0.931020
0.000004 0.999920
0.473250 0.999580
0.000108 0.998470
0.000057 0.991470
0.000009 0.999690
0.000079 0.921740
0.000001 0.859900
0.000001 0.975770
0.000561 0.996840
0.000924 0.999990
0.639720 0.995270
0.000009 0.985610
0.000000 0.186050
0.190230 0.999990
0.000011 0.999730
0.000015 0.998230
0.000003 0.861600
0.000023 0.668560
0.000014 0.999270
0.000000 0.827480
0.000001 0.983680
0.000001 0.998390
0.011194 0.997030
0.042874 0.997270
0.002489 0.999500
0.000004 0.983950
0.167480 0.999860
0.429530 0.999500
0.000000 0.912730
0.055701 0.999900
0.000683 0.965580
0.000000 0.990720
0.000141 0.847240
0.252250 0.999990
0.019425 0.997310
0.012446 0.995760
0.060620 0.996040
0.000020 0.995500
0.000025 0.998750
0.000357 0.998440
0.003853 0.999990
0.337520 0.999590
0.000187 0.999260
0.098481 0.995990
0.000016 0.998520
0.933540 0.999890
0.052888 0.999980
0.261210 0.997250
0.000014 0.993720
0.007950 0.999980
0.000004 0.999010
0.000020 0.985290
0.149010 0.998330
0.002783 0.992170
0.000129 0.999940
0.002966 0.999420
0.000044 0.923350
0.000005 0.995720
0.000000 0.002146
0.000275 0.761240
0.022120 0.993190
0.000094 0.997330
0.001011 0.995380
0.009270 0.996270
0.388430 0.999790
0.002724 0.996030
0.010508 0.997530
0.000005 0.984350
0.002214 0.999880
0.000569 0.991210
0.001131 0.996480
0.000002 0.991830
0.024677 0.998380
0.062399 0.998300
0.000244 0.999190
0.000052 0.990310
0.000021 0.992000
0.000015 0.999530
0.000016 0.247590
0.000496 0.999760
0.031376 0.801100
0.000343 0.996890
0.000785 0.998710
0.000000 0.904800
0.000801 0.999510
0.002815 0.988370
0.024747 0.998200
0.134630 0.996520
0.794460 0.999990
0.002489 0.999950
0.796670 0.997210
0.017619 0.999800
0.000923 0.968230
0.000018 0.999700
0.000010 0.883400
0.020830 0.999780
0.000090 0.997990
0.000007 0.990080
0.000037 0.980550
0.026493 0.999770
0.116140 0.999850
0.000134 0.999840
0.000144 0.996300
0.000280 0.778530
0.002085 0.998770
0.000000 0.223750
0.001520 0.999690
0.000000 0.081451
0.000019 0.988420
0.056775 0.993290
0.006907 0.999700
0.821270 0.999790
0.999750 0.999930
0.000036 0.994890
0.294260 0.808580
0.000000 0.959260
0.000179 0.907210
0.000066 0.979590
0.736750 0.999940
0.990950 0.999940
0.047218 0.995700
0.000550 0.998890
0.000037 0.999140
0.000129 0.907120
0.000084 0.990490
0.001952 0.996590
0.000193 0.999320
0.000190 0.845780
0.000008 0.994920
0.000058 0.925980
0.059629 0.999570
0.000227 0.998000
0.000000 0.984560
0.008635 0.998520
0.000025 0.982530
0.000006 0.820040
0.509700 0.999780
0.046151 0.999240
0.001061 0.999380
0.000005 0.979610
0.000105 0.993300
0.000007 0.982580
0.934270 0.997920
0.000008 0.957340
0.000007 0.998410
0.002109 0.964600
0.000000 0.197140
0.000011 0.962800
0.003194 0.996540
0.000017 0.989500
0.566860 0.998870
0.001350 0.993880
0.000000 0.893950
0.000202 0.968520
0.000127 0.997360
0.032332 0.993720
0.000025 0.979820
0.000085 0.997940
0.001753 0.997540
0.000000 0.402120
0.000424 0.994080
0.000306 0.964480
0.000504 0.886010
0.585620 0.994630
0.965270 0.999770
0.000002 0.928110
0.014896 0.997960
0.002465 0.998640
0.000516 0.906490
0.000100 0.991800
0.031116 0.994780
0.000005 0.853920
0.786440 0.998710
0.000055 0.987120
0.000017 0.999490
0.000086 0.999950
0.000001 0.998610
0.001584 0.767210
0.001959 0.997000
0.000058 0.424730
0.000000 0.000527
0.001245 0.999900
0.459190 0.997570
0.000103 0.999920
0.000002 0.811960
0.000024 0.995250
0.000000 0.207900
0.000001 0.974430
0.000000 0.962290
0.000000 0.993890
0.070755 0.999480
0.000054 0.999520
0.008416 0.995140
0.000138 0.991000
0.001708 0.988600
0.205960 0.999990
0.888290 0.998260
0.000004 0.999900
0.017546 0.999910
0.000000 0.261030
0.002119 0.999720
0.002191 0.997470
0.405260 0.999930
0.000000 0.009292
0.000000 0.796230
0.100150 0.994450
0.255960 0.999940
0.005468 0.995100
0.000215 0.994520
0.002257 0.939570
0.520620 0.998490
0.002128 0.994760
0.077281 0.999960
0.000000 0.918650
0.123390 0.999790
0.000000 0.122620
0.000029 0.938040
0.000531 0.999380
0.310710 0.998410
0.000114 0.986180
0.014404 0.999620
0.000000 0.912780
0.000003 0.839140
0.000000 0.998150
0.000021 0.811380
0.000230 0.999660
0.063758 0.999850
0.000028 0.999210
0.000012 0.877500
0.000000 0.997010
0.010581 0.980450
0.000001 0.964070
0.000325 0.998390
0.000038 0.735960
0.000000 0.788090
0.000006 0.916410
0.100650 0.999950
0.000002 0.962430
0.000103 0.998650
0.000054 0.999900
0.000325 0.994630
0.092275 0.998660
0.001387 0.999810
0.000000 0.001385
0.000035 0.978290
0.000612 0.999820
0.000012 0.053062
0.300810 0.954260
0.000079 0.999330
0.000000 0.978440
0.000004 0.789680
0.070287 0.999600
0.000387 0.999400
0.000017 0.981610
0.001095 0.991540
0.001480 0.999470
0.000002 0.995190
0.000000 0.000486
0.069919 0.995250
0.000936 0.995600
0.000000 0.960110
0.000002 0.974920
0.000005 0.987190
0.000000 0.980300
0.012562 0.997480
0.000257 0.999680
0.076428 0.998690
0.004262 0.999730
0.796490 0.999650
0.001887 0.999590
0.000000 0.951680
0.001731 0.998580
0.000008 0.999180
0.002361 0.999830
0.001838 0.999880
0.000022 0.993680
0.000333 0.963240
0.000100 0.996200
0.000890 0.997750
0.005340 0.989390
0.000002 0.996910
0.000001 0.790460
0.000008 0.831410
0.000008 0.999550
0.000018 0.773940
0.003376 0.999420
0.000000 0.633660
0.136410 0.999990
0.000009 0.999210
0.236250 0.992900
0.441250 0.998460
0.037491 0.998730
0.006131 0.996630
0.284690 0.998990
0.000122 0.976830
0.004477 0.967460
0.000000 0.898470
0.056701 0.999530
0.000000 0.926110
0.078511 0.999960
0.000000 0.000093
0.000426 0.936500
0.012505 0.999990
0.000004 0.995980
0.000009 0.997420
0.001090 0.997130
0.000323 0.765420
0.001350 0.989620
0.000034 0.997480
0.054298 0.994370
0.020848 0.998380
0.000024 0.998430
0.000057 0.492750
0.001264 0.999170
0.010819 0.995040
0.000002 0.946470
0.008360 0.999960
0.000005 0.930360
0.000001 0.850240
0.000035 0.991720
0.000000 0.941240
0.000301 0.965130
0.000718 0.979530
0.007357 0.989040
0.000084 0.999840
0.000072 0.998330
0.042785 0.900430
0.000010 0.978680
0.002057 0.999580
0.000000 0.992900
0.000255 0.999430
0.000001 0.997500
0.000015 0.970620
0.000001 0.999400
0.003663 0.993750
0.000150 0.999310
0.000028 0.986580
0.113250 0.995990
0.000219 0.979450
0.003639 0.713910
0.974710 0.999580
0.052352 0.999970
0.002315 0.365760
0.000000 0.795640
0.000000 0.782730
0.000000 0.990560
0.000197 0.992750
0.119200 0.996350
0.000004 0.331470
0.000235 0.999890
0.003304 0.979810
0.005358 0.997400
0.000001 0.999540
0.000001 0.994150
0.000002 0.929350
0.000000 0.999550
0.000031 0.999130
0.000000 0.983420
0.000241 0.999730
0.012398 0.999100
0.976910 0.999780
0.000001 0.998320
0.004767 0.999360
0.000008 0.915820
0.000091 0.998390
0.000009 0.994600
0.000001 0.356850
0.000141 0.934000
0.030186 0.999460
0.000000 0.653620
0.000025 0.957370
0.000010 0.997500
0.013035 0.999940
0.551340 0.999580
0.000015 0.673840
0.000046 0.955000
0.004628 0.999730
0.014981 0.980160
0.000158 0.999950
0.000020 0.996470
0.000025 0.630780
0.008438 0.997830
0.000020 0.999450
0.002292 0.994440
0.000000 0.804080
0.008973 0.999420
0.000406 0.994990
0.000257 0.998240
0.317650 0.981890
0.000000 0.993600
0.000072 0.993320
0.000125 0.993210
0.000078 0.925260
0.015849 0.995230
0.000516 0.992700
0.012548 0.868570
0.286560 0.996450
0.257070 0.997140
0.000061 0.996340
0.000653 0.998820
0.093037 0.998290
0.000748 0.999910
0.012261 0.981690
0.000834 0.999920
0.192190 0.999930
0.000503 0.528960
0.000003 0.957400
0.066408 0.999230
0.000008 0.950590
0.000000 0.999580
0.000341 0.998920
0.000001 0.984770
0.568120 0.999960
0.000105 0.999850
0.000031 0.966070
0.104910 0.999480
0.001310 0.999600
0.014270 0.999590
0.000051 0.940620
0.000226 0.999590
0.001800 0.994240
0.000005 0.817650
0.000556 0.994790
0.004840 0.999610
0.000843 0.932160
0.000000 0.995130
0.000008 0.936030
0.000012 0.998010
0.000000 0.991170
0.000006 0.995970
0.000110 0.996600
0.161380 0.999800
0.124620 0.999770
0.000047 0.535530
0.000643 0.999800
0.000003 0.996890
0.340540 0.998360
0.000010 0.999920
0.429190 0.998310
0.000000 0.995770
0.000001 0.907100
0.000000 0.993160
0.262890 0.999990
0.000012 0.931880
0.619020 0.999890
0.155030 0.997130
0.260640 0.999830
0.000000 0.923770
0.015242 0.999980
0.087690 0.998600
0.000529 0.997190
0.079886 0.999890
0.004348 0.993330
0.000623 0.999280
0.000001 0.807290
0.418730 0.999990
0.000005 0.999730
0.099115 0.995290
0.000000 0.982740
0.000271 0.990680
0.003004 0.998070
0.000000 0.950510
0.000464 0.991050
0.000041 0.997410
0.000042 0.995570
0.000017 0.139650
0.000004 0.995460
0.000001 0.999520
0.000447 0.998430
0.000026 0.982660
0.000004 0.054728
0.008104 0.992410
0.000001 0.364070
0.000025 0.884760
0.000000 0.924410
0.000000 0.509400
0.000704 0.996070
0.000001 0.994800
0.000000 0.991340
0.004201 0.995180
0.000146 0.988940
0.000281 0.983060
0.000002 0.884240
0.549900 0.999780
0.000010 0.958850
0.000018 0.997170
0.000039 0.995590
0.003604 0.998340
0.000027 0.989050
0.000185 0.969040
0.000001 0.999670
0.000000 0.980890
0.000000 0.991310
0.000000 0.719930
0.000000 0.990140
0.000014 0.997190
0.000000 0.273360
0.000051 0.944330
0.000000 0.950270
0.000018 0.990860
0.003658 0.998380
0.005861 0.886250
0.001067 0.999980
0.000000 0.985030
0.982790 0.998680
0.000008 0.993160
0.000000 0.976940
0.000003 0.964400
0.000167 0.995040
0.218440 0.999360
0.000025 0.950770
0.000048 0.997070
0.010352 0.999940
0.012017 0.999890
0.000018 0.995100
0.000055 0.995000
0.000968 0.997210
0.017214 0.999770
0.000004 0.989700
0.000004 0.732000
0.000000 0.399190
0.087530 0.999580
0.000000 0.938140
0.000002 0.746240
0.000007 0.980900
0.791810 0.999930
0.000000 0.961010
0.000001 0.107230
0.007511 0.998720
0.006189 0.994090
0.000529 0.999780
0.000070 0.954080
0.000002 0.497030
0.791390 0.999920
0.096921 0.999900
0.000000 0.969780
0.000070 0.801110
0.001125 0.993590
0.000124 0.999970
0.000000 0.555220
0.000000 0.641870
0.000000 0.386140
0.029869 0.975170
0.000076 0.808400
0.000004 0.995790
0.025984 0.993560
0.000258 0.997300
0.000019 0.984500
0.000873 0.999680
0.028691 0.927580
0.000298 0.999620
0.010786 0.999710
0.009102 0.450960
0.012490 0.996320
0.003377 0.852830
0.023167 0.999500
0.003016 0.992360
0.001332 0.892520
0.033881 0.990540
0.238370 0.995160
0.000002 0.967040
0.000213 0.999950
0.000000 0.996120
0.888790 0.999990
0.904100 0.999500
0.000030 0.993530
0.000086 0.990870
0.000000 0.768990
0.030416 0.992930
0.000000 0.993010
0.000003 0.007649
0.006218 0.995240
0.001925 0.995140
0.004377 0.998860
0.000009 0.945780
0.000195 0.997490
0.000008 0.600010
0.000004 0.909940
0.000012 0.999100
0.000002 0.986700
0.008161 0.988310
0.001264 0.999930
0.178070 0.999460
0.004214 0.999910
0.000006 0.942780
0.000356 0.994390
0.063776 0.999700
0.004699 0.992370
0.108730 0.992360
0.000947 0.992600
0.594030 0.999980
0.000106 0.921950
0.000057 0.997790
0.002005 0.999350
0.000227 0.999910
0.029338 0.992020
0.000001 0.997180
0.007308 0.999970
0.002979 0.999600
0.000003 0.869560
0.000000 0.935480
0.000000 0.176460
0.000026 0.992960
0.001940 0.994760
0.000062 0.222830
0.000597 0.671200
0.000007 0.929030
0.001744 0.999660
0.000000 0.901590
0.000004 0.979370
0.002982 0.980980
0.002047 0.996270
0.000033 0.997880
0.000010 0.982630
0.000025 0.999250
0.000001 0.993720
0.000538 0.997590
0.601890 0.998480
0.439530 0.999750
0.000069 0.954950
0.002576 0.988560
0.003949 0.995010
0.000015 0.999920
0.000347 0.999910
0.000101 0.955270
0.000041 0.828930
0.000000 0.310910
0.364910 0.991550
0.000039 0.980130
0.001140 0.933160
0.002366 0.999980
0.000099 0.999550
0.026598 0.999950
0.000875 0.986120
0.000009 0.992580
0.010186 0.999940
0.942790 0.998680
0.006608 0.998540
0.000008 0.940620
0.002625 0.999390
0.021379 0.987680
0.000000 0.679650
0.004111 0.999950
0.000378 0.999470
0.957510 0.999980
0.000000 0.998130
0.001438 0.998050
0.000000 0.702370
0.000002 0.990160
0.009189 0.996400
0.000003 0.996100
0.000200 0.997700
0.000000 0.963690
0.012031 0.999920
0.006564 0.999910
0.000020 0.999950
0.000001 0.991950
0.000001 0.999850
0.037423 0.999920
0.002424 0.994390
0.000004 0.693120
0.000001 0.999610
0.000059 0.999720
0.000727 0.987100
0.002801 0.999710
0.002675 0.999630
0.000000 0.585320
0.000010 0.823950
0.005657 0.995950
0.000000 0.994350
0.000000 0.972650
0.000036 0.999790
0.000000 0.996940
0.000423 0.999940
0.000001 0.322970
0.000100 0.965920
0.000027 0.540930
0.002322 0.968480
0.000745 0.419140
0.000000 0.985430
0.000005 0.999840
0.153050 0.997880
0.003807 0.802620
0.000119 0.999630
0.000047 0.997990
0.861640 0.998350
0.352600 0.999540
0.002634 0.991530
0.000003 0.984150
0.000000 0.998160
0.000001 0.975460
0.000182 0.706520
0.000000 0.415420
0.000019 0.999570
0.001318 0.997780
0.004754 0.382980
0.000000 0.839780
0.000009 0.997760
0.004144 0.999730
0.000564 0.999680
0.000658 0.997540
0.000015 0.323210
0.000032 0.922260
0.000818 0.978340
0.004016 0.999400
0.066287 0.999740
0.000007 0.998030
0.000005 0.997950
0.000000 0.552980
0.000067 0.994370
0.000000 0.992200
0.006451 0.997560
0.026121 0.999530
0.000027 0.986870
0.000001 0.999730
0.000000 0.262260
0.000000 0.969480
0.000000 0.042961
0.000197 0.989170
0.035538 0.998190
0.000081 0.997840
0.002577 0.997960
0.034407 0.995400
0.000043 0.994050
0.000636 0.993200
0.059859 0.999930
0.001952 0.999440
0.000115 0.999250
0.000044 0.990940
0.000216 0.997700
0.001432 0.983710
0.000013 0.998740
0.000007 0.992780
0.000000 0.263940
0.000005 0.898740
0.000007 0.753460
0.000000 0.998170
0.000002 0.519700
0.000000 0.976560
0.679530 0.999570
0.158400 0.993370
0.035672 0.999110
0.007133 0.991460
0.000000 0.998270
0.000001 0.985430
0.000001 0.943570
0.000000 0.294720
0.020185 0.998500
0.049190 0.998240
0.000000 0.996050
0.000000 0.827100
0.000025 0.997760
0.000457 0.996300
0.000077 0.998620
0.000136 0.981010
0.000000 0.996650
0.081726 0.999490
0.273670 0.996480
0.973840 0.999350
0.000003 0.991140
0.001181 0.992220
0.000000 0.847780
0.006835 0.996690
0.000000 0.626760
0.000303 0.998490
0.426080 0.999890
0.000001 0.956410
0.005973 0.999830
0.000000 0.757820
0.000023 0.999890
0.000015 0.998180
0.207980 0.999900
0.010936 0.999860
0.005365 0.959280
0.000012 0.501200
0.000001 0.990210
0.000213 0.999580
0.000828 0.994520
0.000008 0.999710
0.000166 0.999740
0.230180 0.984850
0.000093 0.990940
0.000112 0.995820
0.000179 0.989410
0.005313 0.992020
0.009509 0.978980
0.000000 0.387710
0.001634 0.999970
0.518020 0.994490
0.000361 0.999250
0.891630 0.994750
0.000000 0.942410
0.000000 0.007644
0.000032 0.946690
0.000006 0.994570
0.000006 0.998390
0.000440 0.999510
0.006664 0.998700
0.004640 0.951100
0.001439 0.999700
0.000586 0.675550
0.530410 0.999970
0.000091 0.984630
0.000002 0.998390
0.073556 0.999160
0.429170 0.999770
0.000690 0.994350
0.000009 0.999960
0.000003 0.995370
0.000000 0.999990
0.000000 0.972650
0.001948 0.999410
0.000041 0.803900
0.414970 0.999980
0.000611 0.999450
0.009652 0.996980
0.000000 0.994790
0.000000 0.925600
0.000098 0.999910
0.204170 0.998370
0.004843 0.996800
0.004296 0.995310
0.000004 0.998510
0.000005 0.937910
0.000066 0.999940
0.000009 0.999180
0.000070 0.999110
0.141070 0.999940
0.001639 0.999970
0.000004 0.990400
0.000000 0.670490
0.016163 0.999920
0.000007 0.974510
0.052130 0.999930
0.000000 0.839720
0.000026 0.926750
0.009840 0.999530
0.003747 0.996450
0.000011 0.992240
0.000308 0.969920
0.021301 0.997340
0.000000 0.741030
0.000119 0.995740
0.000586 0.997900
0.073156 0.999920
0.058989 0.999790
0.004244 0.998720
0.000008 0.510850
0.000011 0.539490
0.000000 0.995600
0.000003 0.974010
0.000163 0.969530
0.000000 0.997480
0.000689 0.999740
0.000228 0.522750
0.000048 0.996260
0.000014 0.964020
0.267780 0.999660
0.000006 0.993990
0.000005 0.977040
0.000382 0.999120
0.000093 0.999740
0.924150 0.999940
0.000762 0.983620
0.002366 0.991140
0.000020 0.998680
0.000582 0.971860
0.500060 0.999910
0.005633 0.999350
0.032821 0.996770
0.002417 0.996820
0.000000 0.999880
0.002346 0.998310
0.000000 0.123630
0.000002 0.997750
0.000000 0.894290
0.011531 0.999560
0.352530 0.998310
0.000001 0.987340
0.000002 0.979130
0.000078 0.982710
0.000023 0.712420
0.000003 0.517170
0.098684 0.991530
0.005386 0.999970
0.002446 0.993460
0.000003 0.921430
0.000353 0.988220
0.000001 0.717690
0.000013 0.999580
0.004843 0.997380
0.004644 0.991210
0.005336 0.993900
0.000000 0.082059
0.950380 0.999760
0.000000 0.999920
0.001101 0.996630
0.000050 0.997160
0.000087 0.995280
0.000000 0.205900
0.981370 0.999980
0.000018 0.893990
0.000000 0.075104
0.000000 0.917100
0.003792 0.999480
0.338060 0.997530
0.000065 0.920350
0.000087 0.998740
0.036380 0.999480
0.007873 0.998930
0.000142 0.901210
0.216930 0.999930
0.000001 0.853290
0.000000 0.889610
0.232290 0.998610
0.000124 0.999740
0.000000 0.984750
0.001456 0.988680
0.010277 0.992810
0.000939 0.999660
0.000017 0.998760
0.001823 0.952200
0.000025 0.993400
0.033190 0.998300
0.000005 0.995650
0.000006 0.921270
0.000043 0.977900
0.086971 0.999120
0.000000 0.835860
0.000788 0.996850
0.284950 0.999750
0.019464 0.999420
0.000000 0.665950
0.986330 0.999980
0.005027 0.998450
0.000005 0.997060
0.002207 0.998340
0.000002 0.982320
0.000001 0.678420
0.186790 0.982700
0.000005 0.999840
0.386880 0.999950
0.000010 0.655300
0.000000 0.965850
0.000001 0.969250
0.000157 0.991770
0.000187 0.992080
0.137300 0.952150
0.001430 0.999840
0.000000 0.995500
0.001856 0.999700
0.000000 0.983280
0.003999 0.993930
0.000012 0.059096
0.000000 0.947650
0.000710 0.999070
0.000000 0.999980
0.018167 0.998440
0.015945 0.996810
0.000655 0.998390
0.165410 0.997650
0.000018 0.905730
0.046300 0.999290
0.000012 0.995660
0.000000 0.999210
0.000496 0.992970
0.000138 0.829050
0.155980 0.990780
0.048753 0.999680
0.003929 0.941280
0.000000 0.994310
0.000013 0.999630
0.000000 0.744460
0.000081 0.995850
0.805330 0.999810
0.000002 0.999910
0.000000 0.998540
0.000013 0.410730
0.000062 0.999870
0.000003 0.994390
0.240830 0.998510
0.008301 0.999920
0.000007 0.990210
0.756410 0.998230
0.000001 0.440090
0.969010 0.999500
0.326080 0.999990
0.001731 0.992100
0.000013 0.983190
0.000001 0.114280
0.001063 0.951230
0.000321 0.997070
0.010776 0.948120
0.001879 0.991550
0.000527 0.999830
0.002369 0.997140
0.000000 0.215360
0.004521 0.931550
0.000058 0.998350
0.002263 0.991580
0.001497 0.801970
0.000653 0.999480
0.010421 0.998460
0.000135 0.995800
0.071144 0.998490
0.000112 0.888250
0.000003 0.261700
0.003965 0.989990
0.381000 0.998320
0.028166 0.999400
0.000001 0.999970
0.000162 0.955660
0.004843 0.944400
0.000000 0.000027
0.000000 0.970620
0.000796 0.998340
0.001488 0.999960
0.000011 0.890710
0.000236 0.912740
0.128930 0.996340
0.000001 0.466060
0.913780 0.998450
0.000359 0.963570
0.040085 0.998980
0.034012 0.997990
0.000000 0.320650
0.076187 0.999760
0.226530 0.999560
0.000014 0.998330
0.000797 0.999950
0.030696 0.951260
0.000021 0.982370
0.003160 0.988630
0.000001 0.999700
0.000001 0.996360
0.000475 0.912970
0.005663 0.997280
0.000636 0.999730
0.061061 0.999050
0.300870 0.997920
0.051028 0.999940
0.005050 0.997750
0.001547 0.999020
0.000649 0.995270
0.219910 0.999770
0.000000 0.808130
0.000124 0.965990
0.000000 0.926900
0.000023 0.999520
0.000028 0.999980
0.027520 0.998450
0.000827 0.980590
0.504600 0.999450
0.000000 0.991310
0.000000 0.863880
0.041041 0.995050
0.024461 0.997490
0.001156 0.998300
0.000082 0.999810
0.000081 0.973260
0.000050 0.997270
0.013966 0.999770
0.000000 0.216990
0.000000 0.969390
0.000017 0.982330
0.037613 0.999480
0.000000 0.476090
0.453410 0.998460
0.002618 0.999010
0.052766 0.999850
0.000085 0.238030
0.000023 0.986440
0.004109 0.999440
0.002201 0.997790
0.000227 0.757630
0.004036 0.976700
0.011399 0.998100
0.017426 0.999950
0.000005 0.999530
0.148400 0.999900
0.000003 0.999950
0.009692 0.999970
0.004523 0.995530
0.055459 0.999360
0.245080 0.999910
0.000000 0.998330
0.003482 0.999620
0.274050 0.999920
0.000220 0.981070
0.000001 0.071407
0.000001 0.986400
0.000014 0.997500
0.002194 0.998150
0.000073 0.992520
0.000000 0.999290
0.991910 0.999960
0.002547 0.992230
0.000000 0.996220
0.000010 0.919490
0.116690 0.998970
0.178740 0.999970
0.000001 0.935190
0.000076 0.992250
0.509550 0.997240
0.395600 0.999930
0.000000 0.982920
0.000001 0.999140
0.001012 0.557910
0.000004 0.997640
0.000001 0.998880
0.000041 0.961580
0.004756 0.993890
0.000051 0.850630
0.000000 0.978930
0.000027 0.999830
0.000457 0.991620
0.000005 0.930370
0.000004 0.989170
0.000001 0.970000
0.646940 0.999920
0.000000 0.861710
0.965830 0.999900
0.000861 0.997850
0.003102 0.930710
0.000007 0.986560
0.001338 0.998530
0.977670 0.999940
0.000001 0.978260
0.961910 0.999960
0.000030 0.978060
0.000007 0.850530
0.000000 0.909370
0.010544 0.993550
0.031779 0.999840
0.000121 0.999700
0.000000 0.910840
0.000004 0.993430
0.000000 0.999950
0.005726 0.999490
0.000000 0.659490
0.000000 0.988790
0.000619 0.993300
0.000000 0.653650
0.003288 0.999640
0.000023 0.974830
0.000182 0.923900
0.000264 0.908870
0.000001 0.999540
0.000015 0.996730
0.001577 0.999770
0.031035 0.999470
0.000000 0.001050
0.249800 0.998210
0.000089 0.998830
0.000305 0.796260
0.010733 0.999940
0.000347 0.997160
0.000263 0.999970
0.013722 0.990860
0.021058 0.999750
0.001806 0.997470
0.000111 0.993010
0.000009 0.999650
0.000658 0.996740
0.000002 0.968400
0.000061 0.900600
0.000342 0.923770
0.000009 0.954290
0.000001 0.972300
0.000002 0.982140
0.033895 0.999390
0.000251 0.944110
0.000000 0.988360
0.003615 0.999650
0.007455 0.999780
0.000000 0.950550
0.002671 0.953590
0.000000 0.643610
0.000060 0.999910
0.000060 0.997490
0.000001 0.996470
0.000000 0.027996
0.000000 0.571350
0.000001 0.999320
0.695160 0.997310
0.000742 0.983570
0.000895 0.989900
0.000734 0.983550
