0.000724 0.989770
0.000004 0.996850
0.179780 0.996790
0.008642 0.999190
0.000001 0.986980
0.371570 0.999020
0.000000 0.995430
0.002811 0.987510
0.013586 0.999420
0.000061 0.950660
0.000004 0.981370
0.006752 0.997660
0.000445 0.997860
0.000090 0.951960
0.045743 0.992290
0.000139 0.995290
0.935440 0.999910
0.000000 0.132500
0.000103 0.233390
0.154910 0.998410
0.000122 0.972310
0.000000 0.790550
0.000000 0.236490
0.000000 0.024086
0.000152 0.997360
0.000255 0.995610
0.000002 0.965660
0.000000 0.986220
0.000128 0.996120
0.167340 0.997660
0.000057 0.959650
0.721030 0.998350
0.918530 0.999930
0.070807 0.998190
0.000018 0.999690
0.000307 0.998840
0.000000 0.021450
0.000000 0.986650
0.000001 0.999510
0.002060 0.998810
0.489070 0.999560
0.000000 0.011157
0.149950 0.999720
0.001480 0.993820
0.000248 0.994610
0.000001 0.999840
0.000001 0.998490
0.279680 0.999990
0.001046 0.983640
0.144360 0.999700
0.881990 0.999760
0.024673 0.997180
0.003088 0.811350
0.000246 0.995220
0.102200 0.999870
0.001141 0.999410
0.966900 0.999850
0.001324 0.999480
0.000037 0.999750
0.000063 0.962910
0.706220 0.999980
0.000336 0.999870
0.000014 0.999210
0.025466 0.999920
0.000000 0.993010
0.000082 0.986020
0.006581 0.997530
0.000005 0.993140
0.000006 0.932470
0.000056 0.944310
0.000011 0.924410
0.033298 0.987580
0.000520 0.969330
0.000001 0.995080
0.000157 0.987090
0.009529 0.996130
0.000106 0.991910
0.000000 0.119310
0.121380 0.994060
0.000001 0.786850
0.000133 0.838100
0.563190 0.999780
0.000120 0.997300
0.000694 0.994750
0.000002 0.054481
0.000193 0.865350
0.023602 0.999650
0.000002 0.991650
0.000034 0.999790
0.663310 0.998500
0.000000 0.012603
0.049552 0.992310
0.000001 0.336180
0.000001 0.949130
0.000002 0.704970
0.000000 0.927580
0.072461 0.999970
0.000019 0.994330
0.000000 0.775480
0.000023 0.990850
0.000013 0.985170
0.000002 0.999850
0.000001 0.079514
0.000011 0.977720
0.079592 0.999920
0.000002 0.952580
0.061137 0.999550
0.077330 0.999840
0.000583 0.999970
0.001801 0.999580
0.349440 0.998500
0.002095 0.947930
0.016758 0.996650
0.121860 0.999990
0.000212 0.999910
0.000084 0.992220
0.000031 0.999890
0.001679 0.998080
0.000001 0.995650
0.995070 0.999750
0.000037 0.987240
0.000000 0.290070
0.000001 0.958100
0.000070 0.982960
0.000158 0.999520
0.935870 0.999970
0.006860 0.998690
0.000007 0.962480
0.080012 0.998380
0.000000 0.985830
0.000000 0.945060
0.005251 0.999050
0.042539 0.998690
0.000001 0.986140
0.000164 0.999480
0.000002 0.978370
0.017199 0.999960
0.000000 0.097149
0.000016 0.798710
0.000000 0.959190
0.000094 0.780210
0.395410 0.999980
0.057642 0.998700
0.000054 0.999960
0.147620 0.995940
0.000731 0.969450
0.007375 0.999140
0.000000 0.293420
0.003149 0.998450
0.000007 0.996390
0.000155 0.997760
0.000022 0.996290
0.000033 0.449910
0.002738 0.998470
0.016325 0.999580
0.013375 0.998640
0.005843 0.999420
0.000031 0.946390
0.000843 0.997320
0.000533 0.998450
0.009036 0.990790
0.000015 0.308940
0.001224 0.999980
0.000003 0.999890
0.001513 0.990250
0.000007 0.999420
0.000000 0.003098
0.009093 0.999630
0.000024 0.367490
0.000005 0.982690
0.002234 0.999910
0.000000 0.855740
0.000533 0.998510
0.514310 0.998730
0.000529 0.907220
0.018939 0.982840
0.000000 0.982570
0.005001 0.788770
0.000510 0.989830
0.000000 0.995930
0.075533 0.998550
0.000004 0.994100
0.000156 0.989860
0.143420 0.999930
0.004060 0.985030
0.000185 0.984160
0.004389 0.996930
0.000000 0.997380
0.063759 0.999990
0.000004 0.758470
0.000575 0.994650
0.000001 0.999900
0.000032 0.995300
0.000007 0.087711
0.000000 0.995720
0.000017 0.989340
0.000189 0.995900
0.000083 0.699420
0.068151 0.999060
0.004115 0.988950
0.017438 0.999840
0.000281 0.999980
0.072297 0.996630
0.000029 0.992090
0.127760 0.988040
0.504710 0.997610
0.068773 0.997910
0.000130 0.999850
0.947130 0.997690
0.376210 0.999600
0.000478 0.999550
0.004581 0.961320
0.000313 0.210770
0.000005 0.018133
0.119500 0.995160
0.000026 0.909260
0.000111 0.995670
0.000003 0.889440
0.000005 0.997310
0.000003 0.877680
0.000004 0.991280
0.034867 0.999630
0.000000 0.993500
0.000001 0.927250
0.000397 0.999720
0.085148 0.989220
0.000704 0.999270
0.000340 0.998270
0.000015 0.967080
0.927980 0.999930
0.000000 0.327270
0.310470 0.999430
0.000051 0.958360
0.000035 0.800720
0.004547 0.923960
0.000327 0.992420
0.000013 0.864210
0.000002 0.999750
0.000007 0.986030
0.000188 0.963730
0.000009 0.999900
0.000096 0.987630
0.023411 0.999910
0.000031 0.997190
0.000807 0.999930
0.000012 0.992600
0.504350 0.998860
0.000884 0.999990
0.045494 0.999930
0.000012 0.894330
0.000019 0.702230
0.000002 0.580900
0.000002 0.999770
0.000039 0.973530
0.001939 0.659580
0.000092 0.997530
0.000001 0.977190
0.135280 0.999900
0.000885 0.998670
0.042042 0.998670
0.000006 0.997660
0.000001 0.990240
0.004812 0.998980
0.199400 0.999960
0.000066 0.999690
0.001261 0.999670
0.000033 0.974700
0.034516 0.998430
0.005463 0.983040
0.622130 0.998680
0.000308 0.994830
0.001479 0.999970
0.368470 0.998220
0.000653 0.997060
0.000000 0.503420
0.000000 0.975870
0.000000 0.179540
0.000000 0.070347
0.000001 0.999960
0.000014 0.997030
0.000066 0.349780
0.000000 0.994920
0.732140 0.997330
0.006518 0.999940
0.112830 0.999370
0.000000 0.960010
0.000000 0.059142
0.000072 0.998900
0.001854 0.829060
0.000000 0.038250
0.000688 0.990020
0.019692 0.999330
0.001058 0.986820
0.918290 0.999810
0.000154 0.955370
0.003600 0.999640
0.157600 0.996970
0.001224 0.999770
0.000019 0.998830
0.000004 0.959440
0.215820 0.999930
0.000161 0.959170
0.549110 0.999660
0.044547 0.999940
0.000019 0.958940
0.000002 0.999690
0.000009 0.663920
0.000487 0.865280
0.001034 0.922200
0.000002 0.999110
0.000036 0.839120
0.956660 0.999980
0.000003 0.998750
0.000006 0.893460
0.002337 0.999460
0.000289 0.994250
0.001777 0.994200
0.022865 0.998330
0.001388 0.999930
0.000037 0.997230
0.026870 0.998170
0.158150 0.999970
0.000018 0.760560
0.000000 0.962570
0.000001 0.999720
0.005091 0.999560
0.001608 0.961160
0.025714 0.999890
0.000000 0.964350
0.000014 0.991960
0.220740 0.986260
0.000037 0.959990
0.010749 0.997960
0.000355 0.987970
0.000067 0.943090
0.000024 0.811190
0.015104 0.986070
0.954130 0.993500
0.000000 0.165030
0.000412 0.995790
0.000012 0.992870
0.003661 0.999580
0.002506 0.990010
0.000802 0.992750
0.000004 0.996000
0.006530 0.982050
0.000007 0.849910
0.163100 0.998240
0.007313 0.999470
0.000000 0.089524
0.843690 0.995750
0.010066 0.999980
0.006542 0.999730
0.000485 0.988910
0.000001 0.967810
0.015652 0.971200
0.000000 0.987940
0.000823 0.997870
0.064031 0.944770
0.000001 0.915590
0.000291 0.997220
0.002217 0.980910
0.000247 0.999880
0.941730 0.998480
0.000002 0.735850
0.000000 0.073027
0.000830 0.995680
0.000000 0.997090
0.000000 0.289240
0.000377 0.984380
0.000014 0.999790
0.001222 0.999560
0.000018 0.973100
0.000002 0.977260
0.000001 0.918150
0.008522 0.999030
0.000481 0.999650
0.000338 0.999980
0.000012 0.959340
0.047123 0.998720
0.271090 0.999430
0.000113 0.881260
0.000325 0.662070
0.068563 0.989170
0.003557 0.997940
0.000000 0.486890
0.000000 0.984570
0.000000 0.878850
0.000898 0.998890
0.347830 0.998180
0.000121 0.888320
0.000095 0.993480
0.000000 0.854540
0.599210 0.999450
0.021311 0.995250
0.000004 0.998830
0.986280 0.999950
0.000004 0.771110
0.007145 0.983000
0.000047 0.998520
0.000001 0.996530
0.004039 0.997070
0.000212 0.999280
0.000000 0.995240
0.000686 0.996800
0.975210 0.999920
0.000009 0.979620
0.013167 0.983880
0.790740 0.999280
0.907070 0.999050
0.000028 0.946230
0.216650 0.997340
0.000000 0.071101
0.000191 0.986140
0.000007 0.977500
0.000000 0.287650
0.000034 0.991320
0.000035 0.994270
0.000012 0.933410
0.000583 0.998070
0.000051 0.986580
0.530670 0.998450
0.008512 0.996090
0.000001 0.999710
0.005309 0.998080
0.006242 0.999690
0.000001 0.056685
0.000009 0.278180
0.006291 0.993270
0.118300 0.998940
0.001837 0.999780
0.018115 0.998470
0.000008 0.986360
0.008841 0.955310
0.000297 0.996830
0.006324 0.996070
0.000861 0.992240
0.010111 0.990910
0.001769 0.914610
0.000002 0.990340
0.000024 0.998320
0.000033 0.997850
0.019073 0.998010
0.211690 0.997230
0.000061 0.965340
0.000002 0.999860
0.003425 0.997960
0.000014 0.997990
0.000096 0.997680
0.000001 0.962630
0.293620 0.999000
0.001647 0.999470
0.000053 0.999840
0.000002 0.138630
0.020828 0.998320
0.000501 0.991980
0.003553 0.997520
0.000029 0.997660
0.334680 0.992820
0.000009 0.999790
0.000011 0.998710
0.014027 0.655120
0.034272 0.999970
0.006850 0.969490
0.000001 0.994200
0.000003 0.945650
0.961730 0.999920
0.001147 0.996710
0.009670 0.998350
0.013082 0.998470
0.000001 0.813860
0.001946 0.999670
0.000000 0.954530
0.000000 0.992240
0.000000 0.979070
0.002471 0.998740
0.000005 0.818850
0.126380 0.999270
0.020319 0.999970
0.000000 0.889470
0.000022 0.818760
0.001835 0.945320
0.000245 0.989380
0.000000 0.287750
0.000069 0.990270
0.000041 0.661140
0.000027 0.973600
0.000220 0.995140
0.000009 0.052777
0.000013 0.979250
0.000718 0.999610
0.000000 0.191730
0.000304 0.994460
0.000110 0.976560
0.000017 0.997510
0.746840 0.995980
0.000002 0.782980
0.000013 0.981510
0.000504 0.914610
0.003040 0.999630
0.355090 0.999960
0.000000 0.046026
0.000000 0.884650
0.000716 0.999580
0.270060 0.999900
0.005362 0.994000
0.002008 0.990560
0.000317 0.982960
0.001271 0.999880
0.000435 0.997850
0.002135 0.998650
0.000000 0.871520
0.122510 0.996940
0.000000 0.418420
0.001442 0.758190
0.001241 0.994140
0.178990 0.998380
0.007852 0.998220
0.000015 0.995260
0.000316 0.995430
0.003825 0.997230
0.000044 0.993290
0.070063 0.999770
0.000176 0.921230
0.000004 0.999500
0.000000 0.256440
0.989240 0.999840
0.015625 0.968030
0.000057 0.997100
0.178580 0.999240
0.000594 0.999810
0.639970 0.997530
0.000000 0.906470
0.053027 0.983850
0.000002 0.728080
0.000251 0.999050
0.006902 0.999680
0.000021 0.999110
0.000005 0.995480
0.000006 0.982120
0.000015 0.952190
0.000009 0.735380
0.998670 0.999980
0.000000 0.924390
0.374670 0.999940
0.000002 0.999460
0.000000 0.001752
0.000486 0.943850
0.000640 0.996870
0.000265 0.995940
0.004586 0.999870
0.000000 0.587320
0.000121 0.936350
0.000588 0.783160
0.000003 0.997160
0.000134 0.994150
0.000770 0.988200
0.000126 0.994650
0.001296 0.979530
0.000141 0.996050
0.000000 0.989660
0.000001 0.071915
0.078293 0.999900
0.000000 0.000057
0.000003 0.999930
0.000013 0.889040
0.021808 0.996150
0.000021 0.792040
0.004902 0.999930
0.004209 0.883140
0.000047 0.576930
0.000008 0.753910
0.000015 0.995810
0.000000 0.990260
0.000043 0.975720
0.000021 0.865450
0.283030 0.981410
0.000304 0.999690
0.063251 0.999780
0.000002 0.994630
0.000003 0.984430
0.001721 0.996470
0.000078 0.999330
0.000001 0.941120
0.000000 0.887550
0.002200 0.999930
0.007730 0.949710
0.000024 0.431870
0.000015 0.979380
0.002260 0.999930
0.011879 0.997980
0.000001 0.955150
0.023311 0.992990
0.000700 0.997360
0.000016 0.999670
0.000917 0.543870
0.000093 0.528880
0.000140 0.999540
0.079121 0.999760
0.023058 0.997760
0.023568 0.989390
0.000000 0.618360
0.029142 0.995800
0.000090 0.999460
0.000122 0.997820
0.199740 0.999550
0.000032 0.999800
0.867800 0.997900
0.000003 0.979300
0.001965 0.951390
0.011803 0.999010
0.000000 0.999730
0.000001 0.645420
0.000481 0.998960
0.000066 0.997330
0.000082 0.994450
0.000240 0.943690
0.175460 0.996820
0.000240 0.999390
0.000001 0.998660
0.000000 0.983040
0.019287 0.991960
0.419490 0.997700
0.000060 0.999880
0.000039 0.968740
0.000048 0.982150
0.000043 0.999720
0.000003 0.994960
0.000019 0.999690
0.000005 0.994730
0.000003 0.180010
0.433480 0.999040
0.463170 0.999940
0.000158 0.874590
0.000001 0.943710
0.000003 0.916110
0.669540 0.999950
0.016910 0.998340
0.000001 0.920270
0.314800 0.997100
0.065663 0.999940
0.000500 0.999750
0.293710 0.997330
0.000008 0.996400
0.000027 0.984080
0.000000 0.995000
0.000003 0.991630
0.000602 0.993870
0.002360 0.995680
0.000000 0.928090
0.000069 0.985940
0.313870 0.994420
0.000031 0.999050
0.000008 0.980000
0.002525 0.999430
0.000009 0.997390
0.053717 0.999880
0.007258 0.983780
0.061295 0.994190
0.000000 0.744490
0.000000 0.986660
0.000000 0.999450
0.002561 0.999550
0.000000 0.998030
0.000615 0.987330
0.000017 0.979600
0.000264 0.676120
0.000017 0.992120
0.000045 0.981310
0.000000 0.396170
0.005949 0.990720
0.000005 0.988370
0.000029 0.705400
0.000000 0.041406
0.000011 0.887860
0.042035 0.996580
0.008788 0.986450
0.000000 0.988960
0.006643 0.999990
0.000061 0.982940
0.000277 0.986840
0.000001 0.732400
0.001477 0.999420
0.000003 0.974690
0.027403 0.999920
0.000009 0.953960
0.000001 0.021092
0.002383 0.994080
0.000000 0.802020
0.004753 0.986650
0.000004 0.995980
0.000002 0.999880
0.000213 0.976300
0.000420 0.994410
0.000000 0.173500
0.000001 0.159000
0.005995 0.839730
0.000618 0.999970
0.002286 0.985520
0.000028 0.998180
0.000003 0.933180
0.000001 0.847640
0.000010 0.583180
0.000066 0.667540
0.000061 0.528830
0.000008 0.999940
0.000007 0.998990
0.000352 0.999660
0.096269 0.995200
0.000001 0.677980
0.000000 0.985960
0.020836 0.999530
0.000009 0.874640
0.970060 0.999500
0.189410 0.999470
0.000183 0.974070
0.005362 0.990360
0.000049 0.990050
0.709990 0.999060
0.018610 0.999940
0.000071 0.988890
0.000003 0.023364
0.000000 0.355540
0.000035 0.997430
0.000002 0.999460
0.000000 0.940390
0.000638 0.999800
0.047004 0.999590
0.000325 0.989930
0.009216 0.999840
0.000003 0.907390
0.031339 0.999030
0.208790 0.999780
0.012648 0.994220
0.821370 0.997440
0.000051 0.857510
0.000000 0.997000
0.005139 0.993480
0.000005 0.987510
0.000028 0.949690
0.011373 0.848440
0.001687 0.997760
0.006347 0.998320
0.004885 0.999490
0.002266 0.994350
0.715430 0.999980
0.000024 0.997790
0.000919 0.982100
0.000771 0.997690
0.470640 0.998400
0.000127 0.997860
0.001833 0.984520
0.446380 0.998070
0.000284 0.367710
0.000023 0.999120
0.000144 0.541250
0.000005 0.934220
0.017442 0.997710
0.099713 0.998650
0.025396 0.998980
0.000499 0.999920
0.286030 0.999730
0.161490 0.999570
0.989720 0.997920
0.000289 0.998640
0.000031 0.998720
0.000000 0.362590
0.003386 0.992060
0.161700 0.994440
0.002396 0.998940
0.000181 0.999910
0.000004 0.851680
0.000000 0.957940
0.102220 0.999920
0.000000 0.310550
0.000730 0.999870
0.000002 0.973800
0.029490 0.991390
0.015836 0.999980
0.001048 0.999020
0.000122 0.998690
0.000001 0.999180
0.005021 0.910620
0.000032 0.988080
0.000001 0.957990
0.000017 0.441800
0.000117 0.902490
0.003648 0.999920
0.006987 0.996340
0.000001 0.999770
0.806080 0.952700
0.000006 0.090493
0.000000 0.948210
0.000004 0.996860
0.000290 0.932700
0.009025 0.991340
0.000000 0.968460
0.014914 0.999530
0.007120 0.999930
0.000127 0.999870
0.000002 0.995540
0.000812 0.997660
0.097814 0.998420
0.000000 0.956710
0.019626 0.731930
0.000676 0.999770
0.000045 0.998240
0.000082 0.980680
0.000000 0.993090
0.000293 0.999940
0.031707 0.999760
0.000344 0.999980
0.001323 0.999480
0.000017 0.900590
0.001950 0.999550
0.000817 0.997030
0.000375 0.988560
0.000371 0.990790
0.000412 0.999320
0.000864 0.994120
0.000016 0.991200
0.857520 0.999910
0.474470 0.999920
0.027373 0.997980
0.000026 0.999790
0.040709 0.960050
0.001978 0.998230
0.000112 0.994000
0.051480 0.999590
0.000100 0.999980
0.000132 0.978620
0.468640 0.999930
0.224130 0.999880
0.001630 0.983410
0.000013 0.999670
0.000569 0.970990
0.002149 0.974110
0.000000 0.975110
0.231560 0.995240
0.000025 0.988580
0.000075 0.910130
0.873870 0.998200
0.000143 0.999430
0.000041 0.998830
0.030793 0.999780
0.000004 0.980910
0.004712 0.977650
0.037497 0.999900
0.001997 0.999660
0.000046 0.996890
0.145230 0.999910
0.001773 0.991410
0.012744 0.999690
0.000000 0.936610
0.000111 0.995690
0.000123 0.979120
0.001953 0.996410
0.000013 0.999810
0.000001 0.995490
0.000527 0.983430
0.000561 0.706070
0.006314 0.999860
0.000360 0.994200
0.003660 0.992620
0.006883 0.982890
0.214150 0.998680
0.000240 0.785080
0.046794 0.997410
0.000000 0.315970
0.672900 0.999940
0.000006 0.881610
0.000002 0.954800
0.000207 0.626180
0.007848 0.997050
0.000067 0.306740
0.000007 0.908440
0.000000 0.995100
0.000349 0.945720
0.026812 0.999580
0.000000 0.994380
0.009101 0.998930
0.481350 0.998420
0.048190 0.997640
0.000888 0.993300
0.110000 0.997160
0.000302 0.977810
0.007548 0.998670
0.061516 0.994470
0.086969 0.868850
0.010705 0.983680
0.079596 0.993460
0.000400 0.964100
0.000001 0.633720
0.000000 0.894140
0.000019 0.903740
0.187460 0.998670
0.000559 0.955210
0.749170 0.999970
0.000035 0.664080
0.128100 0.999810
0.000754 0.998950
0.000019 0.992200
0.000064 0.975220
0.003543 0.975700
0.000013 0.985450
0.972630 0.999910
0.003939 0.975850
0.003949 0.998360
0.000074 0.995430
0.000000 0.982490
0.249140 0.997220
0.000000 0.159620
0.000012 0.943850
0.000003 0.503420
0.000029 0.999650
0.000039 0.997570
0.000003 0.999940
0.000003 0.998380
0.169940 0.997030
0.643990 0.973520
0.551600 0.999740
0.000889 0.984960
0.000001 0.994190
0.000005 0.983250
0.000000 0.998840
0.001180 0.996880
0.000038 0.992730
0.076589 0.999770
0.000018 0.789680
0.629340 0.999070
0.012609 0.998470
0.001379 0.995830
0.000000 0.088180
0.001731 0.998680
0.000066 0.986430
0.000034 0.992560
0.000015 0.735750
0.000071 0.986140
0.035479 0.993800
0.000041 0.995900
0.036747 0.996850
0.000001 0.997240
0.000008 0.999350
0.000001 0.984960
0.000089 0.999950
0.089541 0.999520
0.310810 0.999920
0.000021 0.999940
0.000000 0.949420
0.033858 0.940350
0.008764 0.997720
0.009219 0.997400
0.001547 0.996630
0.000000 0.982790
0.000041 0.998290
0.000000 0.000102
0.000010 0.944630
0.748850 0.999370
0.000051 0.973780
0.004061 0.977360
0.000002 0.994190
0.000011 0.976240
0.016771 0.986680
0.000059 0.342500
0.000847 0.910230
0.000307 0.999650
0.000002 0.874670
0.000799 0.992190
0.000040 0.997720
0.000019 0.997380
0.000000 0.991740
0.001014 0.997930
0.010456 0.996920
0.000156 0.487190
0.831030 0.999930
0.997850 0.999960
0.000012 0.992500
0.000000 0.996580
0.000291 0.911930
0.000014 0.992990
0.000000 0.999660
0.185810 0.999920
0.038038 0.998770
0.000033 0.989420
0.002451 0.999280
0.000082 0.996510
0.014371 0.999830
0.058009 0.992970
0.000003 0.994940
0.988190 0.999790
0.000000 0.944540
0.543610 0.999550
0.003076 0.995460
0.001917 0.891530
0.000001 0.870250
0.000002 0.995060
0.000077 0.921440
0.000014 0.998080
0.000000 0.987950
0.158670 0.999920
0.000395 0.900520
0.000000 0.986630
0.003657 0.999960
0.001266 0.971580
0.000000 0.958170
0.000014 0.370070
0.000069 0.999490
0.603740 0.999780
0.000002 0.999760
0.015648 0.999330
0.000262 0.964480
0.000010 0.940780
0.000077 0.981320
0.001170 0.997820
0.000023 0.933370
0.000000 0.999500
0.000926 0.978580
0.355020 0.999900
0.911710 0.999760
0.000000 0.991680
0.006487 0.999840
0.008961 0.801170
0.000002 0.001816
0.000104 0.999940
0.000692 0.999680
0.000071 0.997420
0.000053 0.988160
0.000541 0.999830
0.217240 0.998380
0.000002 0.995160
0.000021 0.999580
0.000002 0.991960
0.599000 0.999930
0.037231 0.998380
0.003333 0.999740
0.393400 0.998110
0.041715 0.998620
0.000001 0.208950
0.221970 0.995970
0.011010 0.999930
0.000024 0.999370
0.012399 0.999530
0.000027 0.999370
0.011164 0.998110
0.000002 0.994590
0.004083 0.999480
0.017969 0.997320
0.310420 0.997890
0.000000 0.049037
0.004574 0.998200
0.001222 0.995150
0.000000 0.996390
0.000983 0.996930
0.000014 0.955690
0.001387 0.956400
0.000010 0.947260
0.000000 0.983920
0.000013 0.789560
0.018732 0.999280
0.000002 0.987330
0.021507 0.999500
0.000016 0.993720
0.000577 0.960560
0.004093 0.998600
0.010069 0.999910
0.738350 0.999890
0.124190 0.948410
0.144570 0.993920
0.001789 0.997360
0.000317 0.992600
0.101780 0.999480
0.000030 0.928330
0.000007 0.980470
0.000022 0.999970
0.123610 0.996720
0.001267 0.999740
0.000170 0.932430
0.000002 0.631210
0.001119 0.984250
0.009344 0.999890
0.000005 0.977360
0.000239 0.945260
0.000001 0.994650
0.000005 0.877240
0.001641 0.451070
0.215490 0.990180
0.001102 0.999920
0.000005 0.519780
0.000036 0.981360
0.096329 0.999280
0.000741 0.998860
0.916710 0.999750
0.000000 0.801840
0.000580 0.998320
0.011920 0.992580
0.000098 0.760820
0.000000 0.814990
0.000009 0.997690
0.038745 0.992630
0.000046 0.999210
0.000000 0.999860
0.001561 0.999780
0.032881 0.998600
0.000689 0.990640
0.000004 0.968960
0.007726 0.988690
0.000003 0.940850
0.000088 0.998310
0.000897 0.999920
0.012555 0.998470
0.693020 0.999760
0.061192 0.999660
0.000492 0.998100
0.000159 0.999940
0.000557 0.998420
0.000000 0.999920
0.000001 0.223460
0.000658 0.903080
0.000018 0.999920
0.000089 0.843810
0.004750 0.998460
0.002082 0.763730
0.000014 0.794010
0.000003 0.998660
0.000066 0.972770
0.000019 0.993890
0.408470 0.995330
0.013972 0.998430
0.001067 0.996540
0.000814 0.999950
0.003543 0.899810
0.900850 0.956440
0.000177 0.985660
0.000002 0.998990
0.000000 0.921590
0.955900 0.999930
0.000000 0.868540
0.000008 0.985600
0.000131 0.996370
0.061036 0.998160
0.000010 0.999730
0.982080 0.999920
0.000011 0.992470
0.000003 0.942530
0.876110 0.999950
0.000080 0.661100
0.000009 0.943080
0.000000 0.999670
0.002062 0.951320
0.000182 0.999940
0.015835 0.856370
0.009834 0.916870
0.000000 0.986220
0.000088 0.783550
0.000327 0.997820
0.000866 0.975410
0.000043 0.875790
0.034286 0.999900
0.000011 0.995810
0.002932 0.999830
0.387920 0.999780
0.623870 0.997540
0.000082 0.705500
0.994960 0.999770
0.016778 0.999960
0.035492 0.999170
0.000000 0.975690
0.004570 0.999070
0.000012 0.858390
0.001857 0.999990
0.000008 0.987170
0.113990 0.997920
0.018529 0.997400
0.008706 0.995630
0.000000 0.945120
0.000000 0.338530
0.004187 0.999400
0.001868 0.995600
0.000001 0.205580
0.000000 0.000335
0.000203 0.990420
0.008280 0.999890
0.578850 0.997170
0.007522 0.999780
0.033545 0.999940
0.000732 0.992990
0.000004 0.999870
0.001083 0.983390
0.001159 0.945340
0.000000 0.982620
0.000000 0.001057
0.000000 0.992700
0.001084 0.998450
0.000049 0.990770
0.000001 0.970970
0.034661 0.999060
0.047973 0.999530
0.000122 0.999670
0.003649 0.997560
0.000018 0.997370
0.121860 0.998610
0.001574 0.982960
0.000003 0.991770
0.000003 0.999970
0.012723 0.999040
0.000965 0.998560
0.000004 0.992790
0.879460 0.999780
0.000005 0.966410
0.019618 0.996940
0.034204 0.999110
0.000123 0.984120
0.001486 0.994420
0.000001 0.920780
0.000000 0.978840
0.000021 0.999850
0.003068 0.986380
0.000105 0.914410
0.000003 0.998120
0.778600 0.995890
0.014384 0.999960
0.010119 0.997100
0.000000 0.945200
0.000001 0.569570
0.000071 0.996320
0.000000 0.981260
0.004132 0.965330
0.001552 0.965790
0.000001 0.995830
0.000001 0.772920
0.000000 0.981950
0.000000 0.825340
0.000000 0.477640
0.000000 0.914540
0.000012 0.721720
0.001391 0.998510
0.003022 0.997930
0.001083 0.995680
0.005636 0.999920
0.000204 0.865730
0.027964 0.999990
0.002065 0.962630
0.030288 0.997600
0.000102 0.977810
0.000003 0.999460
0.000453 0.997280
0.000000 0.985590
0.000005 0.998110
0.681200 0.995800
0.002687 0.999560
0.009453 0.998580
0.000045 0.995960
0.000009 0.999750
0.008633 0.999590
0.000356 0.831430
0.000002 0.952560
0.157610 0.999490
0.000153 0.979380
0.000000 0.240990
0.000466 0.999410
0.000004 0.899730
0.817250 0.999960
0.000000 0.640800
0.000306 0.986690
0.466370 0.999780
0.013340 0.998620
0.000046 0.975630
0.000000 0.886520
0.000057 0.950550
0.000053 0.924510
0.000048 0.668660
0.000002 0.995770
0.000053 0.994150
0.000188 0.999870
0.000535 0.996290
0.836060 0.999050
0.013681 0.999370
0.001081 0.998430
0.001999 0.996230
0.000039 0.954460
0.000346 0.997220
0.000000 0.845040
0.025283 0.998440
0.045993 0.999490
0.000003 0.991020
0.000000 0.547220
0.000825 0.999570
0.000000 0.950130
0.000164 0.998420
0.012546 0.993050
0.000208 0.995800
0.000168 0.981280
0.003059 0.956090
0.000494 0.981150
0.992740 0.999490
0.000000 0.699970
0.003185 0.998610
0.001411 0.999970
0.000746 0.994170
0.000005 0.966100
0.765520 0.999590
0.000185 0.986620
0.206110 0.999840
0.000000 0.734500
0.062639 0.994800
0.000245 0.994650
0.000751 0.978030
0.107430 0.993710
0.031802 0.995630
0.000001 0.997270
0.498530 0.999810
0.000000 0.026599
0.008159 0.998170
0.000066 0.999710
0.000190 0.994950
0.000005 0.915780
0.000000 0.060270
0.075800 0.980750
0.000000 0.410970
0.014152 0.999940
0.000128 0.996360
0.002419 0.998690
0.005417 0.970530
0.001537 0.997900
0.002423 0.985110
0.004448 0.954040
0.045472 0.998660
0.000195 0.983130
0.038937 0.998320
0.001756 0.998560
0.040850 0.970910
0.002146 0.966070
0.000735 0.984370
0.004895 0.998600
0.000041 0.901730
0.000017 0.998620
0.000000 0.771040
0.009029 0.999120
0.000001 0.978140
0.000390 0.963300
0.000173 0.995350
0.000005 0.988090
0.000044 0.776100
0.000000 0.954310
0.000000 0.997400
0.000052 0.919030
0.570720 0.999950
0.000004 0.993710
0.002378 0.999120
0.000019 0.863590
0.000001 0.936390
0.061980 0.998570
0.000005 0.999910
0.002182 0.999820
0.026153 0.997150
0.017349 0.999520
0.000137 0.940790
0.000096 0.967510
0.000001 0.969490
0.001989 0.977320
0.126850 0.993530
0.000069 0.992450
0.090333 0.999990
0.001265 0.999390
0.074999 0.999630
0.000039 0.998120
0.000099 0.988430
0.028792 0.995380
0.666230 0.999710
0.000003 0.940080
0.810360 0.998370
0.000000 0.996780
0.000033 0.976290
0.012131 0.999900
0.000000 0.921280
0.029430 0.998170
0.000000 0.686440
0.073588 0.942630
0.001357 0.993620
0.000012 0.908010
0.000508 0.995390
0.000003 0.992580
0.120950 0.999750
0.757060 0.999990
0.123590 0.999800
0.000000 0.462150
0.011823 0.997380
0.025124 0.993840
0.098728 0.999420
0.000654 0.869960
0.000138 0.959970
0.000001 0.995030
0.000000 0.902610
0.000105 0.999530
0.743440 0.999960
0.047016 0.999920
0.000000 0.994370
0.001579 0.996540
0.000133 0.994530
0.000062 0.993760
0.000000 0.884920
0.000679 0.978690
0.006605 0.991190
0.000006 0.221300
0.000000 0.808960
0.006392 0.998020
0.000142 0.921120
0.037873 0.997840
0.000005 0.967270
0.356110 0.999330
0.021880 0.997130
0.000260 0.999500
0.129300 0.999800
0.000124 0.987720
0.049958 0.998450
0.000077 0.991890
0.000075 0.998940
0.590410 0.998100
0.065816 0.997350
0.009432 0.997380
0.051709 0.999810
0.000000 0.985740
0.001313 0.999960
0.000595 0.998630
0.012258 0.993490
0.000000 0.476080
0.036049 0.996110
0.000007 0.966530
0.000013 0.475150
0.000000 0.969850
0.000195 0.995450
0.992150 0.999960
0.000000 0.971950
0.001082 0.999940
0.001764 0.998300
0.000099 0.978720
0.006173 0.990370
0.194280 0.996610
0.000814 0.914500
0.000006 0.999550
0.000056 0.999910
0.001504 0.916250
0.001056 0.973140
0.000000 0.963220
0.063496 0.999950
0.005907 0.967740
0.012614 0.975120
0.449230 0.999960
0.000000 0.987680
0.002042 0.997980
0.000022 0.998020
0.697880 0.999850
0.083497 0.999600
0.000005 0.995380
0.000253 0.983880
0.020025 0.997810
0.033247 0.999750
0.000889 0.989720
0.016965 0.998320
0.000000 0.741500
0.000091 0.936350
0.018576 0.999940
0.000004 0.995370
0.003794 0.987680
0.009064 0.995000
0.971510 0.998480
0.000005 0.998620
0.080746 0.994530
0.285460 0.999910
0.003274 0.980170
0.000122 0.995160
0.409340 0.999940
0.000000 0.213920
0.000005 0.998110
0.014706 0.994230
0.000000 0.874460
0.000000 0.927110
0.197810 0.998480
0.002697 0.997850
0.000002 0.999100
0.052422 0.999770
0.000292 0.896140
0.000210 0.782720
0.000011 0.997040
0.000071 0.999930
0.093722 0.997480
0.000001 0.917830
0.000000 0.988050
0.000209 0.967900
0.000668 0.997910
0.000011 0.807650
0.000000 0.999700
0.000000 0.998350
0.847040 0.999970
0.755140 0.999560
0.000343 0.997980
0.000383 0.847200
0.000009 0.997910
0.000010 0.986430
0.012511 0.999730
0.000002 0.882370
0.000000 0.988290
0.569330 0.999920
0.000000 0.999800
0.012625 0.996130
0.000002 0.856670
0.003995 0.936130
0.074399 0.999890
0.000000 0.009139
0.000000 0.770750
0.000064 0.991650
0.000000 0.996790
0.000016 0.999830
0.000001 0.124390
0.007126 0.999520
0.000002 0.996520
0.000036 0.977150
0.000334 0.997740
0.003331 0.997480
0.053709 0.999560
0.000180 0.999760
0.120310 0.999740
0.440280 0.999900
0.000000 0.995340
0.084394 0.994010
0.183670 0.999560
0.000582 0.760780
0.000001 0.941480
0.000116 0.999760
0.000803 0.999510
0.000002 0.987310
0.000017 0.994970
0.000257 0.900500
0.097480 0.999990
0.001078 0.990210
0.000000 0.995260
0.000144 0.999900
0.585460 0.999940
0.000163 0.998320
0.010447 0.999060
0.028067 0.999970
0.000060 0.984380
0.005050 0.999930
0.827000 0.999950
0.003713 0.984030
0.001815 0.986050
0.886570 0.999300
0.000002 0.980060
0.014954 0.996640
0.000000 0.979180
0.054031 0.999800
0.000012 0.913680
0.000333 0.999860
0.000220 0.174150
0.032061 0.999670
0.000006 0.998800
0.003491 0.987610
0.000003 0.381010
0.002004 0.999520
0.000030 0.987470
0.000000 0.643230
0.000754 0.957730
0.001790 0.997500
0.004482 0.998300
0.052465 0.999940
0.286110 0.992720
0.002178 0.999040
0.000029 0.958970
0.000000 0.996400
0.000231 0.155470
0.000122 0.998730
0.000000 0.215910
0.000046 0.996370
0.000002 0.999760
0.000000 0.955980
0.000012 0.999900
0.002034 0.995210
0.697530 0.999930
0.908380 0.997550
0.000291 0.979310
0.000010 0.815790
0.000822 0.999330
0.003860 0.996470
0.922410 0.999920
0.063493 0.981320
0.000695 0.997860
0.000000 0.937470
0.000001 0.996260
0.000028 0.997050
0.000013 0.999830
0.159110 0.998940
0.000000 0.998840
0.001422 0.971800
0.000252 0.999120
0.007408 0.999970
0.000000 0.017673
0.000347 0.946700
0.000280 0.997870
0.000077 0.999900
0.001183 0.996660
0.000009 0.513140
0.011573 0.999530
0.000798 0.946730
0.000371 0.999370
0.133540 0.998970
0.157850 0.999530
0.000002 0.778580
0.000387 0.996010
0.000001 0.498580
0.005853 0.991850
0.001385 0.990490
0.265590 0.999930
0.004246 0.994310
0.000002 0.998550
0.000004 0.966100
0.000069 0.954380
0.000002 0.991090
0.000000 0.906380
0.000000 0.728320
0.000002 0.654590
0.086095 0.999770
0.000000 0.987390
0.180230 0.999920
0.307260 0.999990
0.002948 0.961190
0.001437 0.990580
0.000000 0.879070
0.000044 0.953340
0.000024 0.997670
0.001186 0.993130
0.245240 0.999910
0.000029 0.996990
0.000002 0.999170
0.000032 0.983160
0.001518 0.975930
0.001397 0.975390
0.687180 0.997530
0.000003 0.441560
0.022009 0.999970
0.529610 0.997680
0.000016 0.994380
0.000003 0.926230
0.000003 0.946660
0.001525 0.999850
0.015219 0.999740
0.000006 0.982230
0.000010 0.991490
0.000001 0.593430
0.000000 0.744170
0.010052 0.999860
0.001943 0.999950
0.012341 0.999390
0.004622 0.998460
0.000000 0.986770
0.001736 0.991840
0.001127 0.942630
0.000000 0.660010
0.000036 0.981650
0.000102 0.992110
0.000104 0.001462
0.013790 0.992840
0.000018 0.995850
0.000001 0.958990
0.002553 0.997380
0.000000 0.991650
0.000845 0.887930
0.000158 0.999110
0.000001 0.931980
0.000894 0.998410
0.000024 0.999930
0.000033 0.993110
0.001449 0.898380
0.001351 0.998810
0.000000 0.770320
0.002106 0.995520
0.041265 0.948250
0.015077 0.897520
0.000003 0.822540
0.000037 0.993750
0.001552 0.979500
0.000006 0.773180
0.000245 0.986180
0.000011 0.997220
0.002367 0.747330
0.000000 0.786740
0.000019 0.769490
0.018056 0.997820
0.000043 0.969660
0.000003 0.953400
0.000705 0.997800
0.030745 0.999910
0.000001 0.349440
0.000012 0.991420
0.000003 0.997410
0.000181 0.947020
0.000113 0.961250
0.790930 0.999860
0.000045 0.988110
0.061255 0.998650
0.816500 0.999720
0.014066 0.995680
0.004377 0.908530
0.319140 0.996360
0.001527 0.999920
0.000000 0.992300
0.006067 0.999950
0.000003 0.992200
0.000003 0.995190
0.000026 0.998380
0.972470 0.993500
0.838030 0.999060
0.160890 0.999950
0.013352 0.993920
0.007425 0.996750
0.000004 0.434900
0.057134 0.992390
0.000031 0.991590
0.000000 0.997830
0.012968 0.999150
0.000476 0.998100
0.140640 0.999510
0.000334 0.996160
0.000011 0.995950
0.055028 0.999070
0.296510 0.999950
0.015622 0.988060
0.000008 0.992390
0.007439 0.991620
0.000004 0.999620
0.028751 0.992700
0.000001 0.998270
0.003111 0.999980
0.000002 0.998630
0.617550 0.999960
0.000080 0.997940
0.005038 0.998090
0.000056 0.950310
0.000079 0.456270
0.000351 0.723260
0.004929 0.988740
0.797440 0.999940
0.000005 0.997590
0.038714 0.998440
0.000056 0.980430
0.000000 0.996110
0.002898 0.996660
0.954760 0.997600
0.009847 0.994110
0.000007 0.987260
0.013049 0.999560
0.000180 0.999320
0.000415 0.999810
0.000111 0.999710
0.010887 0.990840
0.000267 0.993150
0.000296 0.994970
0.079523 0.999030
0.008886 0.998810
0.000000 0.000457
0.001057 0.999400
0.000021 0.992500
0.000128 0.993940
0.104420 0.999990
0.953700 0.999970
0.007423 0.998200
0.000080 0.953760
0.000000 0.363910
0.000132 0.999160
0.017467 0.999910
0.009710 0.999930
0.000158 0.978400
0.000253 0.999050
0.000280 0.993580
0.017654 0.996500
0.011200 0.999410
0.017372 0.998370
0.000000 0.891220
0.000252 0.915250
0.000283 0.996360
0.000000 0.998110
0.017208 0.999950
0.002836 0.998330
0.000093 0.998250
0.000012 0.999440
0.000048 0.995900
0.000009 0.990240
0.237920 0.996500
0.992700 0.999780
0.017901 0.997320
0.003621 0.993310
0.000000 0.847450
0.000036 0.991570
0.004899 0.999900
0.911120 0.999940
0.019179 0.999210
0.000005 0.989180
0.000001 0.947190
0.001001 0.987770
0.001000 0.999960
0.000055 0.996070
0.014371 0.981720
0.000000 0.951960
0.000246 0.999950
0.002460 0.985000
0.963510 0.999480
0.002360 0.988510
0.000003 0.955150
0.027055 0.997470
0.069480 0.999940
0.001549 0.996460
0.000181 0.995390
0.001765 0.919980
0.022551 0.976970
0.000003 0.988510
0.000673 0.917380
0.000005 0.692680
0.007894 0.996880
0.000011 0.866070
0.000000 0.974170
0.487120 0.992020
0.000000 0.764040
0.000000 0.910650
0.011671 0.999440
0.024588 0.999750
0.000000 0.991530
0.000000 0.192270
0.000046 0.998190
0.000017 0.958790
0.000006 0.942720
0.000070 0.999830
0.001079 0.998110
0.000000 0.878620
0.000010 0.967430
0.262730 0.994520
0.001013 0.999400
0.000040 0.985820
0.000119 0.999970
0.000003 0.991480
0.000000 0.998180
0.000441 0.998320
0.000013 0.873700
0.000000 0.808220
0.000000 0.322180
0.001935 0.999430
0.000002 0.856420
0.004519 0.987840
0.000007 0.995380
0.000853 0.925720
0.000014 0.963300
0.000034 0.966950
0.012488 0.993520
0.019418 0.993330
0.000003 0.993210
0.590470 0.999730
0.000000 0.353560
0.310850 0.996850
0.000000 0.716030
0.000035 0.999300
0.000713 0.864800
0.014130 0.997730
0.000410 0.954150
0.000000 0.997210
0.931400 0.998920
0.006770 0.997700
0.012511 0.999140
0.000401 0.991970
0.000011 0.982550
0.000022 0.997820
0.003569 0.991770
0.000351 0.999110
0.062181 0.999830
0.000000 0.877280
0.000000 0.977100
0.000011 0.992860
0.000000 0.995270
0.000477 0.994500
0.000000 0.000029
0.000000 0.972690
0.000000 0.223680
0.002076 0.999190
0.001313 0.997640
0.000021 0.999460
0.000112 0.999290
0.000000 0.922010
0.000000 0.684130
0.000126 0.993770
0.040255 0.998310
0.000055 0.994890
0.043841 0.981770
0.000003 0.947600
0.000106 0.999830
0.000001 0.920600
0.527250 0.997890
0.000001 0.999670
0.000000 0.984600
0.060658 0.999910
0.002936 0.999890
0.000431 0.971700
0.002730 0.916940
0.003524 0.947090
0.968020 0.999940
0.000011 0.806180
0.000133 0.987190
0.000000 0.997290
0.166480 0.962860
0.000081 0.994860
0.000031 0.998910
0.006210 0.999540
0.000021 0.307550
0.001368 0.998030
0.000000 0.103720
0.008290 0.988270
0.000062 0.999500
0.000098 0.998860
0.009443 0.995240
0.000574 0.843150
0.000003 0.992520
0.304190 0.997490
0.000177 0.718340
0.305070 0.994620
0.000027 0.999670
0.000003 0.999330
0.705720 0.990190
0.006243 0.998350
0.002842 0.409170
0.000006 0.797690
0.000005 0.820780
0.000723 0.997290
0.059917 0.924210
0.061420 0.997550
0.002534 0.945310
0.000001 0.995480
0.000090 0.988930
0.001248 0.988940
0.157060 0.994270
0.000000 0.997670
0.010474 0.999810
0.141400 0.997300
0.000003 0.568510
0.001494 0.999960
0.001914 0.999850
0.248910 0.999570
0.000031 0.999670
0.000322 0.928910
0.000016 0.992290
0.000372 0.999290
0.001621 0.825070
0.081858 0.998430
0.000210 0.997920
0.000027 0.998620
0.000000 0.973950
0.985950 0.998690
0.000134 0.349140
0.001368 0.998960
0.014664 0.999170
0.999500 0.999920
0.007477 0.999220
0.000005 0.905830
0.000883 0.996950
0.000010 0.996130
0.001005 0.998490
0.000213 0.998710
0.000000 0.991960
0.004562 0.998320
0.000010 0.970510
0.000278 0.996340
0.000411 0.869960
0.048303 0.996000
0.095118 0.993130
0.001806 0.998060
0.006087 0.998370
0.033662 0.980740
0.000450 0.994870
0.018607 0.988810
0.005481 0.997710
0.060727 0.997580
0.000817 0.988780
0.004320 0.994900
0.000098 0.981250
0.000001 0.726050
0.000000 0.742600
0.000079 0.674790
0.000620 0.959530
0.065660 0.997640
0.000036 0.990630
0.000000 0.991420
0.000005 0.978810
0.000701 0.999940
0.120420 0.999970
0.001263 0.999040
0.000087 0.997000
0.000098 0.882610
0.000000 0.004717
0.768560 0.999960
0.000018 0.853730
0.000813 0.888190
0.000040 0.966380
0.002246 0.940520
0.000001 0.960470
0.000002 0.988210
0.000000 0.992650
0.000007 0.999750
0.001870 0.993790
0.000000 0.978460
0.909790 0.998860
0.009207 0.988160
0.113080 0.995310
0.000041 0.996250
0.000316 0.999590
0.003476 0.993590
0.000106 0.938520
0.000000 0.973230
0.000002 0.742380
0.008362 0.999860
0.003962 0.997470
0.004927 0.996770
0.018620 0.998450
0.000013 0.879820
0.000495 0.999790
0.001072 0.995610
0.005395 0.994420
0.000162 0.957790
0.000011 0.999510
0.024491 0.995260
0.000004 0.996750
0.000059 0.833230
0.000000 0.205540
0.000015 0.575170
0.002368 0.998170
0.000097 0.990090
0.000005 0.784790
0.917890 0.999880
0.000001 0.900890
0.000512 0.982790
0.252770 0.998720
0.001998 0.999710
0.005504 0.993270
0.034610 0.998280
0.000000 0.795810
0.046252 0.999940
0.000063 0.998460
0.174480 0.907270
0.000000 0.855540
0.000000 0.227630
0.004331 0.996320
0.000001 0.786300
0.001759 0.994940
0.133450 0.997290
0.000002 0.422980
0.000183 0.996840
0.000071 0.997850
0.030171 0.995520
0.000044 0.987560
0.000002 0.989670
0.000033 0.919720
0.004198 0.994170
0.009689 0.999960
0.668850 0.999940
0.003100 0.988230
0.000010 0.986360
0.000037 0.998220
0.000007 0.995720
0.000224 0.998620
0.000000 0.974220
0.855980 0.998380
0.000717 0.845370
0.000897 0.545270
0.000003 0.688600
0.000196 0.991070
0.000097 0.946450
0.001258 0.997970
0.000000 0.653750
0.000505 0.993890
0.002606 0.988010
0.000311 0.998540
0.012704 0.997810
0.064224 0.994460
0.000024 0.994500
0.717610 0.997890
0.001117 0.990780
0.000016 0.999860
0.000036 0.982260
0.932040 0.999850
0.002933 0.996580
0.015368 0.999900
0.000003 0.746350
0.000013 0.995900
0.000112 0.999970
0.001973 0.999880
0.001368 0.985880
0.000000 0.984520
0.021296 0.986380
0.001050 0.624530
0.003493 0.960340
0.023869 0.984660
0.004266 0.998410
0.004663 0.999230
0.000000 0.777360
0.000056 0.995630
0.000009 0.961810
0.031903 0.992860
0.000598 0.998260
0.000002 0.995700
0.021654 0.999280
0.043210 0.999740
0.000000 0.999730
0.000022 0.970140
0.000134 0.431220
0.001074 0.991270
0.000000 0.008836
0.286530 0.997660
0.000000 0.985270
0.232480 0.981490
0.000000 0.953580
0.706260 0.993600
0.000063 0.983160
0.000008 0.080327
0.000008 0.994850
0.000674 0.998890
0.001578 0.997880
0.000000 0.972920
0.001213 0.997570
0.017798 0.999910
0.000018 0.922090
0.178710 0.998560
0.000008 0.011347
0.001005 0.998980
0.001075 0.999880
0.001550 0.998440
0.017279 0.995260
0.000004 0.990230
0.000001 0.316490
0.000000 0.993970
0.000085 0.998880
0.072212 0.999700
0.000514 0.960120
0.000627 0.992740
0.000501 0.999890
0.000006 0.798840
0.108780 0.997310
0.000662 0.995430
0.000149 0.998230
0.038315 0.999780
0.746660 0.997260
0.000587 0.999540
0.003841 0.999270
0.951000 0.999920
0.000754 0.998610
0.002857 0.999960
0.000556 0.161500
0.000586 0.999860
0.000402 0.998780
0.002285 0.931880
0.034087 0.998270
0.000101 0.924790
0.000023 0.229480
0.046093 0.998380
0.000000 0.996580
0.001633 0.998840
0.001614 0.993920
0.003123 0.965390
0.220970 0.999050
0.000016 0.987720
0.000000 0.995620
0.000153 0.859220
0.000503 0.993450
0.121770 0.994240
0.000001 0.997520
0.000346 0.988740
0.000038 0.969730
0.994600 0.999920
0.013706 0.999050
0.000011 0.939020
0.001132 0.999830
0.385450 0.999370
0.000002 0.080811
0.000035 0.985790
0.000013 0.984660
0.000250 0.994930
0.000464 0.999750
0.000206 0.999670
0.001149 0.993820
0.007983 0.967970
0.000627 0.657180
0.000094 0.997390
0.032636 0.928120
0.000001 0.997530
0.004828 0.999900
0.003408 0.995980
0.000000 0.422890
0.000003 0.990690
0.111690 0.998450
0.006488 0.999020
0.016269 0.999750
0.007277 0.991860
0.006038 0.929800
0.000000 0.994280
0.007741 0.987280
0.000003 0.997740
0.000465 0.990680
0.330390 0.999970
0.001063 0.023919
0.000000 0.999120
0.002541 0.997930
0.006061 0.998040
0.000005 0.967830
0.000000 0.828240
0.012481 0.918980
0.000206 0.982360
0.102170 0.999960
0.000067 0.991980
0.000640 0.999440
0.000955 0.990960
0.000000 0.316460
0.111600 0.999920
0.000030 0.941380
0.000002 0.976830
0.000000 0.978080
0.000000 0.003939
0.089607 0.999950
0.583400 0.999960
0.128540 0.999710
0.062997 0.993150
0.003439 0.999300
0.000011 0.995440
0.000002 0.997400
0.000009 0.996330
0.000296 0.992800
0.000014 0.995140
0.015865 0.982240
0.080726 0.999710
0.000005 0.945840
0.830130 0.998470
0.000164 0.649100
0.004375 0.999870
0.000029 0.998570
0.001004 0.997920
0.000000 0.999900
0.032505 0.995520
0.307170 0.999910
0.000027 0.806600
0.000000 0.765990
0.000000 0.921630
0.000307 0.558100
0.000333 0.999640
0.003397 0.997800
0.000642 0.997710
0.973130 0.997880
0.000001 0.994870
0.000000 0.114860
0.000000 0.993680
0.000000 0.872620
0.004724 0.968390
0.000134 0.997540
0.002491 0.879750
0.000352 0.997590
0.629920 0.999980
0.000008 0.990640
0.000133 0.996550
0.000000 0.917280
0.004356 0.991730
0.000002 0.997440
0.000064 0.250200
0.032660 0.949970
0.000003 0.999090
0.000156 0.998580
0.218930 0.999930
0.000274 0.977540
0.000000 0.991290
0.000000 0.304350
0.000000 0.938710
0.000067 0.999200
0.001888 0.919720
0.000000 0.909660
0.000000 0.772180
0.000484 0.999960
0.000000 0.892270
0.001349 0.921030
0.589530 0.999930
0.066199 0.977660
0.000248 0.996330
0.000002 0.924180
0.000895 0.999820
0.110860 0.999980
0.000169 0.998530
0.000090 0.995910
0.000068 0.999720
0.000656 0.349460
0.000854 0.989630
0.014741 0.999170
0.000231 0.999870
0.000002 0.999520
0.000054 0.995340
0.000445 0.999480
0.000125 0.829560
0.001000 0.999620
0.000000 0.832750
0.000002 0.922810
0.000649 0.991560
0.000000 0.998270
0.000034 0.981720
0.000012 0.993870
0.053246 0.966040
0.000095 0.987680
0.000362 0.980610
0.000000 0.275340
0.005995 0.999750
0.000002 0.983400
0.559780 0.999770
0.000543 0.999460
0.004787 0.889800
0.007804 0.999800
0.000000 0.990780
0.000000 0.295810
0.000058 0.999830
0.001188 0.987770
0.000752 0.999740
0.078452 0.999770
0.046856 0.997800
0.000219 0.993030
0.000553 0.959560
0.000010 0.967020
0.000000 0.981720
0.000008 0.999670
0.000000 0.419580
0.000000 0.440130
0.081869 0.999050
0.003817 0.675250
0.000000 0.996560
0.068165 0.998350
0.000000 0.807250
0.000001 0.999030
0.000001 0.401350
0.000000 0.043176
0.792840 0.986190
0.000042 0.999950
0.001507 0.997790
0.000000 0.006706
0.958720 0.999930
0.000368 0.966290
0.000016 0.995210
0.003663 0.999960
0.010784 0.998670
0.007046 0.984800
0.006980 0.997380
0.000056 0.999430
0.025964 0.999910
0.249750 0.999900
0.001645 0.991480
0.000651 0.876800
0.000011 0.970350
0.113110 0.999940
0.000000 0.976140
0.000001 0.999430
0.869240 0.999780
0.000109 0.980720
0.000090 0.999610
0.000001 0.984100
0.024138 0.999870
0.001160 0.999890
0.000252 0.999510
0.035000 0.998370
0.001683 0.999390
0.604680 0.999780
0.027804 0.998380
0.016111 0.998660
0.008573 0.987130
0.000600 0.988910
0.000029 0.854240
0.000035 0.994490
0.000004 0.997490
0.987330 0.999930
0.987500 0.999950
0.003653 0.763700
0.001630 0.999380
0.000293 0.999100
0.000000 0.997600
0.104170 0.999750
0.000013 0.996690
0.000042 0.996950
0.284090 0.998610
0.000013 0.993160
0.077053 0.999130
0.000001 0.733160
0.000076 0.993230
0.001152 0.999200
0.000084 0.929730
0.085417 0.995140
0.000003 0.991710
0.007923 0.989950
0.062190 0.969290
0.000024 0.997880
0.005571 0.999220
0.000000 0.997070
0.035231 0.998460
0.000003 0.971670
0.001402 0.995680
0.006871 0.997750
0.000009 0.994290
0.000028 0.962870
0.017799 0.997960
0.030267 0.998670
0.002094 0.997570
0.000000 0.146250
0.001293 0.996500
0.001508 0.983930
0.000000 0.060898
0.131680 0.997590
0.025686 0.994910
0.829180 0.999770
0.019745 0.984960
0.003343 0.498690
0.107160 0.999980
0.000001 0.875710
0.000000 0.993660
0.000000 0.383170
0.642650 0.998450
0.001290 0.999760
0.000105 0.995540
0.009499 0.983520
0.002147 0.997940
0.000147 0.986140
0.001642 0.949720
0.000022 0.999950
0.000475 0.977980
0.000024 0.999920
0.000058 0.985530
0.000121 0.958700
0.005745 0.993720
0.000000 0.999500
0.000017 0.871820
0.000051 0.883490
0.002136 0.999840
0.000031 0.999510
0.000017 0.999990
0.000045 0.997840
0.003774 0.984630
0.907260 0.999520
0.681430 0.999880
0.000005 0.999560
0.000002 0.998260
0.011681 0.992380
0.025858 0.999870
0.000057 0.951650
0.000936 0.999850
0.000477 0.988920
0.024874 0.999850
0.000116 0.999820
0.011823 0.998680
0.000249 0.998330
0.014879 0.971170
0.000000 0.964630
0.267950 0.999980
0.000038 0.904870
0.003144 0.990300
0.336420 0.999650
0.000002 0.009632
0.000006 0.451130
0.000105 0.994830
0.000061 0.999810
0.000000 0.971910
0.013196 0.999480
0.000000 0.852720
0.038468 0.998290
0.000662 0.934950
0.006122 0.999560
0.000545 0.981100
0.908140 0.998910
0.000566 0.999530
0.000000 0.881200
0.084203 0.999620
0.019558 0.998810
0.000014 0.999930
0.001801 0.999700
0.001126 0.993260
0.000001 0.990210
0.297530 0.995830
0.000169 0.997370
0.000063 0.995190
0.007479 0.985680
0.135620 0.999580
0.000100 0.986020
0.000027 0.985190
0.000033 0.998030
0.001059 0.878480
0.912170 0.998470
0.004001 0.997990
0.985720 0.999940
0.000001 0.731150
0.000002 0.991550
0.000758 0.999900
0.497780 0.996210
0.005866 0.992710
0.019172 0.999860
0.000175 0.993880
0.000078 0.994740
0.000518 0.998570
0.051647 0.999480
0.011528 0.995480
0.576790 0.999910
0.000117 0.999810
0.000985 0.995930
0.001452 0.999680
0.000198 0.993740
0.000004 0.988140
0.739700 0.999840
0.000305 0.999290
0.000002 0.945970
0.589520 0.996080
0.000216 0.998440
0.697340 0.998470
0.096118 0.999950
0.991240 0.996080
0.044777 0.999840
0.000370 0.976120
0.051859 0.999980
0.000021 0.761050
0.000005 0.905770
0.001803 0.999940
0.000000 0.999890
0.000000 0.829080
0.013590 0.997430
0.000791 0.999900
0.000896 0.874440
0.237530 0.998480
0.000030 0.855540
0.000288 0.994760
0.000095 0.999950
0.000012 0.998580
0.000031 0.995690
0.001858 0.999930
0.077186 0.998690
0.000748 0.997890
0.011920 0.997700
0.000351 0.571930
0.002289 0.995670
0.000000 0.876350
0.000138 0.999320
0.020738 0.999780
0.725020 0.999970
0.000364 0.995860
0.000004 0.995930
0.000000 0.990910
0.017550 0.996630
0.162840 0.999840
0.023729 0.998790
0.050862 0.972680
0.053839 0.998630
0.007716 0.996530
0.000224 0.997780
0.000002 0.997690
0.000002 0.946840
0.000002 0.996630
0.000028 0.989360
0.454860 0.999950
0.000851 0.999880
0.000003 0.916360
0.000017 0.999640
0.000019 0.992310
0.000455 0.996990
0.000019 0.061418
0.003452 0.999770
0.000000 0.949830
0.000773 0.973420
0.004553 0.999940
0.000014 0.626220
0.000000 0.978170
0.000006 0.910390
0.012564 0.989560
0.015025 0.997200
0.013275 0.999860
0.934300 0.999920
0.000000 0.002349
0.000000 0.002300
0.021734 0.997880
0.127820 0.999130
0.000000 0.998720
0.000000 0.193690
0.012247 0.996010
0.000001 0.401490
0.001717 0.994940
0.019605 0.999900
0.000026 0.918780
0.000829 0.957490
0.000025 0.874580
0.001952 0.998340
0.000235 0.959680
0.000000 0.977390
0.000087 0.998620
0.000309 0.855010
0.000035 0.999300
0.402910 0.998580
0.000001 0.911100
0.001088 0.903000
0.000196 0.988190
0.000005 0.808640
0.000001 0.765060
0.000500 0.999460
0.000000 0.087497
0.000000 0.824730
0.963030 0.999990
0.006014 0.999660
0.000000 0.997170
0.000630 0.991190
0.937440 0.999500
0.000015 0.996500
0.060202 0.997710
0.005965 0.999220
0.693950 0.998220
0.000084 0.966760
0.047257 0.998660
0.004674 0.999590
0.000088 0.987780
0.328230 0.999320
0.002098 0.997620
0.000000 0.996850
0.000030 0.990650
0.000007 0.999440
0.896760 0.999980
0.000000 0.979760
0.000000 0.383350
0.000166 0.234900
0.000835 0.998050
0.656340 0.999900
0.000001 0.991900
0.000001 0.889140
0.000004 0.984840
0.043148 0.999880
0.000015 0.996900
0.011572 0.982110
0.179960 0.999800
0.769640 0.999980
0.007841 0.997250
0.000000 0.002291
0.000627 0.995410
0.633300 0.999930
0.740120 0.999510
0.001359 0.988320
0.783490 0.999930
0.044829 0.999780
0.000000 0.992690
0.000062 0.996070
0.002173 0.999640
0.000000 0.154320
0.001770 0.997300
0.000000 0.979700
0.004511 0.981270
0.000844 0.993950
0.000700 0.798900
0.078813 0.999780
0.016348 0.999860
0.000623 0.999780
0.002123 0.993110
0.000340 0.997950
0.000003 0.152220
0.082612 0.990710
0.028199 0.999920
0.010039 0.993960
0.001289 0.995310
0.000024 0.858570
0.000009 0.979810
0.030121 0.999470
0.000009 0.989540
0.030045 0.999690
0.000987 0.972490
0.000554 0.998410
0.000040 0.990950
0.001073 0.997390
0.000012 0.996560
0.000000 0.074718
0.000358 0.999710
0.001510 0.999970
0.143450 0.999220
0.000007 0.922480
0.000029 0.930990
0.000035 0.477900
0.000045 0.999050
0.005796 0.999970
0.000004 0.796260
0.000000 0.996230
0.000008 0.999100
0.000002 0.997490
0.000000 0.117400
0.000000 0.486920
0.006130 0.987940
0.005400 0.999690
0.000000 0.988930
0.000906 0.996890
0.000797 0.999720
0.000000 0.949430
0.000284 0.992680
0.000307 0.998530
0.000030 0.997150
0.008150 0.992640
0.000539 0.705640
0.924120 0.999980
0.000130 0.902950
0.000000 0.669290
0.000000 0.214670
0.160340 0.998460
0.016348 0.999630
0.000201 0.433100
0.011572 0.998000
0.002060 0.982570
0.000408 0.994740
0.000177 0.975700
0.000001 0.946740
0.000022 0.974360
0.000001 0.818350
0.000350 0.999770
0.000008 0.974400
0.001005 0.990770
0.009108 0.998530
0.000182 0.995660
0.011515 0.993480
0.108950 0.999880
0.073807 0.998430
0.000001 0.363060
0.000050 0.990630
0.996930 0.999940
0.012801 0.999870
0.000032 0.746810
0.000317 0.999810
0.000032 0.999170
0.002297 0.998490
0.000605 0.999100
0.000000 0.998060
0.000302 0.983780
0.000873 0.995370
0.032260 0.999460
0.008093 0.995570
0.000876 0.998290
0.863550 0.997560
0.000002 0.999020
0.000004 0.999380
0.098364 0.987630
0.000006 0.042780
0.000211 0.998420
0.000000 0.105620
0.000024 0.996480
0.000000 0.828740
0.000001 0.994440
0.930460 0.999580
0.000072 0.396580
0.000135 0.999040
0.000962 0.989280
0.022191 0.999250
0.009631 0.999820
0.001758 0.999960
0.001863 0.994700
0.000017 0.972280
0.068593 0.994750
0.000006 0.029496
0.017426 0.994470
0.004373 0.983130
0.000000 0.962860
0.002456 0.999230
0.000002 0.909100
0.000241 0.995790
0.000002 0.959550
0.111920 0.989470
0.001266 0.989490
0.902010 0.999930
0.000020 0.942860
0.065134 0.999760
0.035694 0.999780
0.000005 0.951870
0.000698 0.999140
0.000002 0.997160
0.000000 0.884040
0.003145 0.975080
0.997340 0.999780
0.085497 0.998020
0.003224 0.850560
0.039996 0.999260
0.000897 0.999100
0.034406 0.998080
0.000000 0.279760
0.000127 0.998660
0.000899 0.999010
0.000001 0.997500
0.000320 0.554430
0.000000 0.808220
0.000001 0.992270
0.000001 0.997720
0.000000 0.989800
0.000000 0.974070
0.002123 0.990000
0.000067 0.983670
0.006599 0.999060
0.879470 0.999940
0.000737 0.892610
0.000021 0.878690
0.000000 0.855160
0.000841 0.908570
0.000001 0.993470
0.000052 0.723300
0.178030 0.997780
0.010554 0.985490
0.001260 0.998420
0.000299 0.997990
0.000010 0.886830
0.000000 0.792740
0.000616 0.987920
0.322480 0.998310
0.000001 0.978250
0.016851 0.996690
0.001758 0.998140
0.000001 0.794230
0.000058 0.985530
0.663440 0.999930
0.021611 0.999290
0.001587 0.999470
0.000000 0.771580
0.070286 0.985050
0.001919 0.988970
0.000167 0.996760
0.000544 0.949480
0.005363 0.992440
0.000890 0.995030
0.000000 0.994040
0.961920 0.999050
0.000000 0.969950
0.045577 0.821770
0.005691 0.999910
0.052149 0.997770
0.000749 0.992080
0.018243 0.992070
0.000006 0.401660
0.000096 0.988890
0.001510 0.996560
0.309810 0.993290
0.177800 0.999910
0.014714 0.999190
0.000206 0.999040
0.000197 0.997620
0.000073 0.988630
0.000085 0.992280
0.217280 0.998690
0.018638 0.999820
0.001423 0.999430
0.000000 0.838990
0.000000 0.776470
0.000000 0.709720
0.000357 0.997360
0.000000 0.797980
0.017151 0.996180
0.013989 0.997130
0.000209 0.994400
0.000003 0.995890
0.251390 0.998000
0.000323 0.908610
0.000499 0.998420
0.994870 0.999960
0.000154 0.428490
0.000005 0.759220
0.000001 0.998630
0.018228 0.999950
0.695900 0.999670
0.000573 0.996640
0.058366 0.999710
0.000000 0.963280
0.142850 0.998670
0.062143 0.999920
0.132020 0.952030
0.000000 0.161940
0.000008 0.817750
0.000000 0.999890
0.000000 0.761660
0.141180 0.995030
0.000374 0.993930
0.000813 0.869060
0.000005 0.999890
0.011500 0.999800
0.053896 0.977790
0.319500 0.999990
0.000033 0.823760
0.000074 0.999450
0.006114 0.999900
0.000028 0.935950
0.000000 0.958990
0.003314 0.996990
0.010453 0.999750
0.011335 0.997900
0.000003 0.995580
0.235680 0.999520
0.057827 0.733270
0.012538 0.999670
0.000012 0.997490
0.003028 0.997950
0.033883 0.999910
0.000259 0.926700
0.000594 0.626170
0.000915 0.979440
0.000493 0.993830
0.000005 0.998160
0.000036 0.991220
0.000049 0.841020
0.000001 0.454400
0.016340 0.991060
0.000000 0.209410
0.000013 0.591610
0.000192 0.995570
0.001363 0.917130
0.000161 0.999290
0.000010 0.990340
0.002922 0.996800
0.274240 0.998440
0.000013 0.676810
0.000003 0.970180
0.026235 0.999440
0.000008 0.988100
0.000240 0.995420
0.000001 0.993240
0.001745 0.999450
0.406050 0.999900
0.000038 0.998070
0.000038 0.994940
0.000000 0.532940
0.000810 0.882880
0.000226 0.943500
0.000742 0.998000
0.000510 0.931860
0.000446 0.976440
0.105660 0.991990
0.000038 0.994750
0.000001 0.684620
0.030770 0.999720
0.739750 0.999990
0.125630 0.999940
0.001618 0.762810
0.000073 0.999460
0.004066 0.996160
0.013040 0.465740
0.014007 0.998580
0.000004 0.999820
0.000482 0.996420
0.000706 0.996890
0.000008 0.817610
0.001706 0.999140
0.000337 0.988880
0.000001 0.917850
0.000129 0.997210
0.387080 0.993800
0.696950 0.999690
0.000000 0.950720
0.009267 0.999960
0.000721 0.996960
0.912800 0.999750
0.000003 0.994710
0.000204 0.999500
0.000007 0.999930
0.000009 0.596110
0.000905 0.989380
0.000389 0.998310
0.000031 0.988910
0.008602 0.994190
0.000000 0.918720
0.000918 0.996550
0.770280 0.999480
0.001724 0.989070
0.000000 0.000034
0.000338 0.999540
0.000000 0.998900
0.001228 0.997500
0.000000 0.989990
0.000003 0.944030
0.000000 0.994150
0.000011 0.995860
0.000065 0.695220
0.176370 0.995580
0.000001 0.998110
0.000140 0.998520
0.589130 0.999940
0.000394 0.984790
0.000329 0.992740
0.000139 0.082419
0.000000 0.971410
0.641310 0.999510
0.010990 0.999840
0.000872 0.845240
0.000455 0.999740
0.000243 0.999420
0.981440 0.998500
0.007352 0.991970
0.000000 0.997440
0.001094 0.996470
0.000498 0.988190
0.971270 0.998480
0.000000 0.995530
0.705430 0.999850
0.000000 0.945590
0.000000 0.074757
0.040182 0.999500
0.001863 0.999840
0.500660 0.999900
0.000001 0.998280
0.009456 0.999340
0.000002 0.849730
0.000000 0.986870
0.000072 0.993460
0.120000 0.999860
0.000920 0.994910
0.484750 0.999920
0.633100 0.999980
0.011415 0.998770
0.000509 0.996300
0.000000 0.999510
0.000000 0.998890
0.000000 0.361100
0.000014 0.999240
0.076824 0.999830
0.015134 0.994540
0.764450 0.999990
0.000004 0.682130
0.000002 0.664370
0.186900 0.999970
0.000023 0.603650
0.000070 0.980890
0.000002 0.952760
0.003471 0.999920
0.000074 0.993690
0.000073 0.720370
0.723860 0.999750
0.969150 0.999940
0.061459 0.997050
0.000000 0.655260
0.114000 0.999980
0.460770 0.999580
0.000000 0.279670
0.000863 0.997970
0.000217 0.974370
0.000093 0.936890
0.894790 0.999910
0.054172 0.999090
0.000446 0.997550
0.002541 0.994950
0.015123 0.999940
0.000001 0.103610
0.000586 0.999070
0.047741 0.999930
0.000393 0.458070
0.291180 0.996030
0.929450 0.999900
0.002940 0.999870
0.000011 0.674280
0.011502 0.997770
0.001736 0.949290
0.000019 0.998990
0.000001 0.997730
0.001378 0.998910
0.000005 0.997500
0.000191 0.979080
0.000788 0.991600
0.001850 0.994210
0.033438 0.995330
0.026083 0.998240
0.061074 0.998960
0.002598 0.990700
0.000002 0.958560
0.000174 0.990860
0.289020 0.999540
0.000005 0.686150
0.000540 0.977180
0.011474 0.997110
0.000003 0.991230
0.000245 0.999440
0.002661 0.982200
0.017176 0.998460
0.001960 0.999670
0.000010 0.948560
0.204410 0.999840
0.000282 0.999500
0.074351 0.957490
0.000066 0.006106
0.000033 0.427160
0.779030 0.999850
0.000165 0.992490
0.067707 0.999550
0.415700 0.999960
0.005772 0.999940
0.576880 0.999920
0.000000 0.995380
0.859770 0.993690
0.000023 0.976810
0.006989 0.998300
0.001402 0.995360
0.000000 0.992340
0.000037 0.978110
0.000003 0.929260
0.031569 0.999790
0.060234 0.998180
0.037367 0.979240
0.000007 0.999370
0.000000 0.999830
0.000003 0.870990
0.000061 0.963640
0.001159 0.998540
0.619530 0.996660
0.000001 0.804860
0.000001 0.673390
0.000695 0.963620
0.860760 0.999930
0.000000 0.042507
0.000013 0.987890
0.000003 0.997340
0.000000 0.996890
0.000314 0.992560
0.000000 0.005125
0.000003 0.956400
0.832540 0.999570
0.000013 0.011255
0.002460 0.723910
0.001274 0.993800
0.024463 0.999540
0.000070 0.993050
0.000017 0.449240
0.916660 0.998750
0.000000 0.995090
0.000129 0.710070
0.041807 0.989550
0.000005 0.999670
0.000087 0.998010
0.000000 0.994460
0.910730 0.999990
0.000264 0.289430
0.001909 0.993220
0.006943 0.998680
0.626090 0.999930
0.000831 0.866580
0.649910 0.997100
0.228990 0.983090
0.000551 0.999370
0.016483 0.994640
0.000000 0.854450
0.001671 0.681000
0.001187 0.998720
0.160960 0.999550
0.118350 0.999750
0.367620 0.997330
0.000127 0.954700
0.014060 0.952000
0.000596 0.998920
0.000000 0.064239
0.000979 0.982510
0.719270 0.997440
0.000093 0.812270
0.007851 0.807890
0.000000 0.992510
0.028453 0.999720
0.000027 0.987790
0.003136 0.975570
0.000034 0.965130
0.000701 0.621790
0.002280 0.994220
0.001907 0.999970
0.000000 0.848280
0.001185 0.981990
0.000000 0.905470
0.000001 0.969470
0.003958 0.999840
0.000003 0.907060
0.000001 0.803400
0.000006 0.980180
0.014612 0.989160
0.000003 0.972170
0.019173 0.999510
0.000004 0.358820
0.000000 0.549490
0.000634 0.951370
0.000703 0.996660
0.020993 0.999560
0.000578 0.999870
0.004482 0.983130
0.000013 0.998470
0.000001 0.997560
0.000002 0.863280
0.000431 0.985330
0.079159 0.936460
0.000004 0.973160
0.039365 0.997310
0.000000 0.901480
0.000095 0.968010
0.000018 0.999650
0.000135 0.936550
0.168550 0.999920
0.000246 0.929540
0.000234 0.985240
0.318660 0.997640
0.000028 0.725910
0.005437 0.974890
0.032063 0.999510
0.002175 0.968720
0.143300 0.999520
0.000000 0.930800
0.000000 0.999730
0.000789 0.999050
0.000007 0.972390
0.000049 0.995070
0.023649 0.999970
0.000050 0.999820
0.000356 0.995080
0.000030 0.996590
0.006034 0.996710
0.000960 0.985310
0.000117 0.902360
0.000011 0.864310
0.214120 0.999050
0.002197 0.999330
0.400890 0.999980
0.417150 0.999950
0.006557 0.964910
0.000000 0.219230
0.241080 0.999050
0.000001 0.949030
0.000241 0.944190
0.200720 0.998390
0.000050 0.526650
0.000235 0.990170
0.114940 0.999710
0.000036 0.998670
0.765400 0.996380
0.001256 0.982210
0.041253 0.999890
0.000175 0.973780
0.000486 0.911820
0.000075 0.636520
0.000001 0.998420
0.001042 0.999990
0.001556 0.998560
0.768340 0.999040
0.002644 0.999040
0.000020 0.992450
0.000000 0.743360
0.000017 0.468670
0.000001 0.994760
0.001192 0.999330
0.000000 0.994730
0.005492 0.994950
0.000012 0.999930
0.000332 0.999950
0.000244 0.393960
0.002091 0.968720
0.000001 0.995090
0.001023 0.972690
0.007342 0.999860
0.005465 0.995650
0.080333 0.996680
0.006026 0.995270
0.000000 0.995540
0.002376 0.997810
0.042054 0.999960
0.807250 0.999910
0.148860 0.998600
0.980740 0.999780
0.000039 0.971360
0.972110 0.999060
0.000016 0.997610
0.098261 0.998960
0.000032 0.992750
0.000394 0.996300
0.000000 0.894630
0.005110 0.999900
0.975410 0.999980
0.000000 0.237410
0.033485 0.995840
0.000000 0.304550
0.004972 0.999770
0.000764 0.995450
0.873160 0.993500
0.001876 0.970370
0.000624 0.963470
0.269510 0.999860
0.000000 0.991570
0.006616 0.997500
0.001823 0.998050
0.000314 0.999740
0.023667 0.978360
0.953790 0.999580
0.000000 0.972710
0.000000 0.929840
0.001699 0.999990
0.058447 0.999770
0.899890 0.999910
0.032036 0.977720
0.931620 0.999910
0.075597 0.999990
0.036070 0.997240
0.036103 0.998290
0.000001 0.995580
0.000016 0.995480
0.001216 0.999970
0.999370 0.999980
0.000097 0.974570
0.000004 0.987910
0.000001 0.628030
0.003450 0.922290
0.000754 0.952860
0.000000 0.112330
0.000020 0.998470
0.190820 0.993420
0.000050 0.991370
0.007608 0.539200
0.000046 0.642950
0.028486 0.993730
0.151240 0.997620
0.000740 0.745080
0.000978 0.999180
0.000000 0.860070
0.000140 0.999400
0.000038 0.994280
0.295450 0.992890
0.066220 0.998680
0.060097 0.999930
0.000000 0.982580
0.000290 0.994100
0.055196 0.983670
0.000000 0.999490
0.000807 0.679460
0.000000 0.967210
0.000000 0.993430
0.000034 0.977630
0.012536 0.994830
0.000708 0.999460
0.001414 0.995980
0.000000 0.994470
0.000000 0.985420
0.979120 0.999580
0.213060 0.999980
0.003700 0.011792
0.000000 0.997660
0.797980 0.999820
0.011632 0.999840
0.000000 0.939090
0.001587 0.995970
0.000000 0.582630
0.000579 0.999870
0.000000 0.992580
0.003648 0.901340
0.000726 0.998990
0.107630 0.995170
0.000893 0.996260
0.999440 0.999980
0.000088 0.642130
0.350270 0.984020
0.004551 0.998230
0.000009 0.998460
0.000009 0.903800
0.035906 0.998340
0.000343 0.999390
0.556860 0.999310
0.128350 0.999180
0.000100 0.975160
0.006353 0.999770
0.251800 0.993010
0.000052 0.991410
0.000374 0.999950
0.000228 0.999810
0.000000 0.045882
0.949360 0.999580
0.000131 0.975560
0.000007 0.795830
0.810180 0.997140
0.211650 0.999990
0.002004 0.990720
0.000122 0.861360
0.000000 0.924620
0.002294 0.994590
0.134870 0.999760
0.001174 0.985460
0.003463 0.999730
0.000003 0.991960
0.006707 0.998680
0.000893 0.996550
0.003835 0.993730
0.003520 0.992710
0.000000 0.959710
0.038255 0.981060
0.074965 0.999910
0.004250 0.639860
0.000104 0.980470
0.008822 0.999300
0.410140 0.999000
0.000002 0.992040
0.000187 0.997940
0.000000 0.997090
0.000114 0.663170
0.000220 0.986350
0.074488 0.999320
0.635850 0.998460
0.000449 0.986000
0.974740 0.999980
0.074664 0.997780
0.000001 0.997810
0.000000 0.830620
0.000000 0.230390
0.000004 0.832250
0.000024 0.988380
0.000020 0.999790
0.005023 0.980840
0.000000 0.981300
0.000000 0.421050
0.005016 0.992790
0.002560 0.999880
0.000605 0.993880
0.499290 0.998060
0.000017 0.895070
0.000188 0.883390
0.000013 0.972570
0.199240 0.997250
0.000105 0.931200
0.089470 0.999470
0.000891 0.998460
0.000011 0.996430
0.000000 0.989780
0.003431 0.999360
0.000310 0.999470
0.001068 0.999330
0.001030 0.998410
0.000001 0.982750
0.029901 0.999930
0.000009 0.849160
0.011687 0.997450
0.001326 0.949810
0.001995 0.999260
0.650400 0.999970
0.000211 0.999610
0.252810 0.999630
0.000001 0.628880
0.060945 0.999920
0.000000 0.999880
0.933930 0.998230
0.000334 0.980410
0.000000 0.972680
0.001401 0.999760
0.000283 0.998280
0.316650 0.998460
0.003638 0.965710
0.010772 0.998430
0.001568 0.990850
0.049428 0.997720
0.000118 0.790930
0.291970 0.995240
0.000000 0.995050
0.000095 0.911240
0.000122 0.999890
0.000015 0.988690
0.058334 0.999920
0.000001 0.991860
0.992420 0.999780
0.000336 0.996760
0.022494 0.999740
0.000000 0.758820
0.080002 0.994780
0.031747 0.383390
0.005391 0.937310
0.000000 0.984620
0.000600 0.834770
0.000351 0.998160
0.028633 0.990410
0.001150 0.999900
0.119320 0.999760
0.000213 0.998670
0.073462 0.999740
0.133590 0.998730
0.000000 0.986080
0.000000 0.913710
0.000055 0.974330
0.142690 0.995850
0.000031 0.995760
0.008247 0.997550
0.000062 0.999710
0.000040 0.997680
0.016173 0.757130
0.000910 0.992270
0.021455 0.957620
0.998790 0.999840
0.024401 0.999490
0.040819 0.999190
0.000013 0.877950
0.001323 0.997640
0.000000 0.595180
0.001576 0.980860
0.001167 0.797910
0.000001 0.994090
0.187510 0.979960
0.006793 0.999860
0.000000 0.997920
0.059869 0.996170
0.000219 0.999940
0.021750 0.999780
0.000113 0.999760
0.001653 0.998610
0.036368 0.999980
0.000939 0.977340
0.000003 0.999850
0.005725 0.999950
0.000001 0.971770
0.000018 0.908300
0.018300 0.999980
0.091343 0.999830
0.000028 0.996470
0.623770 0.997890
0.000007 0.007079
0.131170 0.999990
0.001169 0.999930
0.000711 0.996020
0.000194 0.925150
0.000001 0.656030
0.000025 0.999800
0.000277 0.993240
0.000622 0.991490
0.000005 0.323080
0.000178 0.946410
0.000000 0.002060
0.000001 0.719850
0.185530 0.999550
0.002116 0.995180
0.000018 0.991470
0.000000 0.931660
0.875450 0.999930
0.006735 0.998610
0.000000 0.992950
0.000249 0.994050
0.000635 0.990420
0.000000 0.013300
0.000054 0.155700
0.002881 0.877240
0.000070 0.999540
0.498650 0.999980
0.940970 0.998670
0.000001 0.997260
0.804760 0.998680
0.000009 0.681210
0.000000 0.072374
0.000000 0.004380
0.000191 0.999480
0.004863 0.999330
0.001991 0.999800
0.010614 0.997210
0.954490 0.999980
0.007435 0.997260
0.000000 0.999760
0.012775 0.999490
0.000435 0.996930
0.000420 0.990900
0.000954 0.997340
0.000073 0.995840
0.025007 0.999720
0.380390 0.990370
0.000004 0.987290
0.007050 0.984540
0.000000 0.895360
0.000167 0.992970
0.006246 0.994640
0.000094 0.997610
0.000337 0.960720
0.008176 0.894040
0.073167 0.997480
0.000654 0.961280
0.000023 0.997940
0.000014 0.397630
0.000248 0.997390
0.000025 0.996530
0.000010 0.995830
0.000183 0.996450
0.005029 0.972190
0.000001 0.990680
0.001675 0.077224
0.000002 0.165590
0.653080 0.999920
0.000004 0.992210
0.007906 0.999810
0.000027 0.999950
0.000000 0.156600
0.610450 0.999880
0.000000 0.938310
0.000120 0.972380
0.000257 0.995540
0.000001 0.683590
0.607880 0.999740
0.008008 0.999150
0.037309 0.999820
0.000049 0.993510
0.000303 0.981560
0.022492 0.995340
0.000631 0.776290
0.000000 0.387890
0.011152 0.995760
0.000009 0.959470
0.000002 0.997940
0.000000 0.982440
0.009781 0.999630
0.000013 0.980550
0.003191 0.993320
0.000000 0.807420
0.000002 0.905540
0.000390 0.635240
0.000002 0.999230
0.000000 0.974900
0.000012 0.930540
0.001971 0.999970
0.000040 0.999780
0.000000 0.845160
0.006212 0.999650
0.021859 0.999900
0.000269 0.998090
0.000257 0.993370
0.000035 0.998790
0.000000 0.930230
0.000001 0.932690
0.000003 0.991630
0.000000 0.964490
0.038980 0.998330
0.008334 0.996840
0.000604 0.999300
0.000123 0.993020
0.006923 0.998580
0.000002 0.991380
0.016933 0.999710
0.000250 0.998870
0.000637 0.997400
0.390440 0.999720
0.007583 0.999060
0.001352 0.998380
0.977720 0.997060
0.003043 0.998550
0.000045 0.926380
0.000030 0.985770
0.008442 0.995950
0.001020 0.878260
0.000018 0.995350
0.000000 0.804490
0.001909 0.995980
0.000148 0.952100
0.000006 0.958190
0.009540 0.999560
0.000000 0.982060
0.001972 0.997360
0.000391 0.981230
0.011759 0.999940
0.000014 0.998080
0.000187 0.978600
0.000025 0.929630
0.000007 0.701000
0.000010 0.998360
0.000001 0.616320
0.000151 0.999780
0.008399 0.999880
0.000619 0.993940
0.000000 0.908220
0.928100 0.999840
0.068137 0.999930
0.000056 0.999920
0.332890 0.997980
0.933630 0.995840
0.001072 0.999910
0.000002 0.995280
0.042912 0.998870
0.000000 0.270030
0.021618 0.997180
0.000006 0.985550
0.000000 0.027200
0.000010 0.993970
0.097477 0.999580
0.000001 0.991110
0.000303 0.864080
0.000000 0.723610
0.000444 0.983300
0.000000 0.956830
0.059945 0.990410
0.000510 0.999390
0.000015 0.475690
0.000367 0.945710
0.033561 0.999880
0.001781 0.998640
0.000000 0.995050
0.514190 0.997720
0.000007 0.999060
0.000357 0.998320
0.000079 0.981250
0.078064 0.999500
0.792990 0.999930
0.000021 0.998860
0.000450 0.996580
0.002379 0.971790
0.000187 0.969590
0.000020 0.985760
0.000002 0.998610
0.000068 0.999490
0.010198 0.978910
0.000020 0.991180
0.000673 0.999780
0.032347 0.997890
0.000002 0.998450
0.003052 0.992240
0.455420 0.999730
0.044405 0.997490
0.010294 0.999700
0.000000 0.011388
0.036349 0.999750
0.000000 0.653680
0.000000 0.520740
0.000000 0.245350
0.007186 0.998290
0.000000 0.943800
0.015931 0.993950
0.002824 0.965130
0.000931 0.905880
0.000029 0.998530
0.020331 0.999910
0.000001 0.964800
0.130630 0.995350
0.001189 0.985270
0.000000 0.921460
0.000056 0.995960
0.000000 0.990740
0.000192 0.999550
0.614820 0.998530
0.000489 0.997580
0.000003 0.902770
0.028205 0.999880
0.003835 0.801490
0.041896 0.999030
0.000000 0.023202
0.030305 0.998540
0.000005 0.500460
0.000007 0.997060
0.000000 0.941820
0.003036 0.966440
0.000003 0.929900
0.000431 0.981940
0.002645 0.999900
0.000022 0.981080
0.000227 0.999720
0.294320 0.999480
0.000000 0.870230
0.964770 0.999790
0.001600 0.998550
0.000045 0.998330
0.000000 0.992630
0.005349 0.999890
0.000004 0.998530
0.000129 0.999480
0.000291 0.993920
0.431980 0.999560
0.000262 0.999940
0.000013 0.934860
0.000007 0.654780
0.000001 0.919920
0.000016 0.982490
0.000137 0.989860
0.000809 0.959030
0.002355 0.966550
0.000094 0.988240
0.000090 0.900170
0.000001 0.968170
0.011063 0.976200
0.000000 0.992040
0.006663 0.987370
0.000034 0.678760
0.001131 0.944820
0.000001 0.668450
0.000030 0.996500
0.000851 0.971840
0.000476 0.996570
0.000058 0.997830
0.005450 0.984660
0.000045 0.624120
0.011006 0.999150
0.000007 0.955770
0.049301 0.994290
0.015407 0.979230
0.001064 0.999460
0.000264 0.997980
0.000005 0.998430
0.000010 0.998880
0.000000 0.996750
0.000063 0.980360
0.000083 0.950350
0.000000 0.999700
0.000080 0.974780
0.013164 0.999770
0.000004 0.702450
0.355990 0.999780
0.000001 0.998440
0.000074 0.978640
0.001861 0.992820
0.001805 0.074228
0.923240 0.997510
0.000007 0.784400
0.042598 0.971630
0.000012 0.985510
0.000268 0.995150
0.000142 0.937770
0.020767 0.959820
0.099924 0.911170
0.269040 0.999900
0.002216 0.623430
0.000374 0.976320
0.000017 0.989520
0.993290 0.999500
0.000216 0.998400
0.000000 0.001453
0.017479 0.999780
0.000174 0.997950
0.000001 0.995150
0.000038 0.957370
0.000070 0.993090
0.000275 0.994040
0.000037 0.972290
0.002359 0.991790
0.000179 0.996930
0.683310 0.991420
0.000003 0.999570
0.000494 0.997140
0.000001 0.984530
0.001198 0.977340
0.001246 0.996710
0.000002 0.997450
0.000000 0.990550
0.000002 0.978930
0.007279 0.996520
0.001901 0.979620
0.000000 0.803250
0.002454 0.984320
0.000113 0.995880
0.000019 0.995250
0.412230 0.997640
0.846980 0.985530
0.000000 0.131620
0.000051 0.972670
0.000141 0.922480
0.001520 0.289940
0.998660 0.999970
0.000295 0.994500
0.021231 0.999770
0.084934 0.999920
0.895710 0.998930
0.685880 0.999920
0.002335 0.997610
0.014717 0.999930
0.000478 0.999670
0.000000 0.772880
0.000259 0.991180
0.000004 0.947360
0.000095 0.997580
0.901020 0.999940
0.600420 0.998650
0.000007 0.932580
0.000000 0.559830
0.000003 0.993750
0.000245 0.956780
0.259930 0.936790
0.000261 0.997030
0.986770 0.998470
0.118930 0.999910
0.002218 0.996310
0.000529 0.999360
0.015384 0.999580
0.000002 0.982480
0.000012 0.999380
0.000001 0.992900
0.001221 0.999820
0.038294 0.992760
0.000010 0.987410
0.000035 0.995240
0.000000 0.837890
0.000092 0.997240
0.000101 0.885450
0.000093 0.999930
0.000003 0.970610
0.000008 0.998340
0.000003 0.211370
0.000000 0.984050
0.000000 0.989150
0.996350 0.998480
0.016451 0.999660
0.027052 0.999960
0.001424 0.988030
0.000005 0.953460
0.261360 0.999980
0.000001 0.467380
0.000979 0.867320
0.000535 0.965480
0.004987 0.990990
0.000072 0.984160
0.473410 0.998370
0.543610 0.999810
0.000013 0.955960
0.256410 0.985220
0.164330 0.996000
0.000009 0.992330
0.001065 0.978230
0.052030 0.998460
0.476310 0.999750
0.049958 0.999960
0.990700 0.999920
0.000002 0.867060
0.000318 0.998840
0.000000 0.946030
0.000000 0.825600
0.000077 0.771460
0.047952 0.977230
0.000003 0.497080
0.000008 0.257640
0.000025 0.191540
0.000264 0.970350
0.000144 0.969860
0.000067 0.997430
0.000000 0.917020
0.001969 0.998620
0.000016 0.747530
0.000011 0.983370
0.000025 0.998710
0.000033 0.817690
0.027548 0.998700
0.000000 0.946580
0.000017 0.999950
0.417200 0.999970
0.000440 0.999150
0.000002 0.708190
0.000000 0.684460
0.000008 0.974040
0.000051 0.960780
0.018372 0.999880
0.000001 0.999760
0.000000 0.001213
0.003258 0.999580
0.026851 0.031580
0.000000 0.839540
0.000000 0.870610
0.009359 0.999970
0.457230 0.995290
0.018263 0.091213
0.003781 0.999760
0.000021 0.999780
0.000695 0.946250
0.000828 0.694630
0.003281 0.997100
0.032737 0.999570
0.000021 0.997450
0.000177 0.999620
0.000810 0.997220
0.039267 0.994120
0.002274 0.999490
0.002740 0.975090
0.000218 0.773900
0.006526 0.998720
0.006795 0.999210
0.113480 0.999210
0.144020 0.990260
0.000000 0.928330
0.014167 0.999890
0.000177 0.999940
0.000000 0.999660
0.000974 0.999570
0.000007 0.905710
0.012190 0.997840
0.010744 0.992570
0.075013 0.999810
0.000287 0.999920
0.002401 0.996860
0.000008 0.999900
0.008193 0.997030
0.012676 0.996370
0.000014 0.977680
0.000519 0.995840
0.000011 0.994960
0.018188 0.999790
0.000000 0.997180
0.017490 0.994460
0.447800 0.998220
0.000001 0.792650
0.000000 0.988870
0.000757 0.767960
0.432020 0.999020
0.294210 0.959810
0.000011 0.999690
0.000000 0.950230
0.000591 0.999780
0.000025 0.980840
0.000013 0.824790
0.005967 0.999940
0.006096 0.992360
0.000000 0.995060
0.000043 0.991320
0.002940 0.999930
0.024852 0.994350
0.296450 0.999840
0.000023 0.998680
0.004706 0.987190
0.009707 0.997660
0.012922 0.998960
0.290380 0.993470
0.165640 0.999930
0.147860 0.997490
0.000009 0.999920
0.000001 0.716970
0.000000 0.776560
