0.007071 0.999220
0.100150 0.998180
0.930920 0.997880
0.111200 0.999770
0.211930 0.997010
0.000022 0.999510
0.017024 0.997100
0.775000 0.999960
0.999950 0.999980
0.776180 0.999580
0.110130 0.999880
0.000094 0.997990
0.003603 0.999860
0.019907 0.998370
0.000171 0.999900
0.546160 0.999850
0.266740 0.999730
0.232840 0.999660
0.002381 0.999770
0.005683 0.999940
0.000021 0.998790
0.000127 0.999860
0.000053 0.999870
0.010323 0.998270
0.068709 0.999960
0.012959 0.998290
0.000108 0.999870
0.001193 0.992970
0.008578 0.999980
0.835590 0.999890
0.001094 0.997050
0.091885 0.999940
0.013721 0.999940
0.000039 0.999830
0.000000 0.998810
0.000000 0.990140
0.049658 0.965890
0.000000 0.999340
0.693460 0.999970
0.000036 0.992470
0.083647 0.999300
0.000412 0.997860
0.024121 0.998380
0.907480 0.999680
0.000365 0.985690
0.002953 0.998240
0.042202 0.999990
0.999500 0.999940
0.890620 0.999930
0.439710 0.999890
0.637170 0.999990
0.000365 0.997460
0.003660 0.993940
0.000138 0.999480
0.829690 0.999950
0.111140 0.999930
0.054538 0.999930
0.793450 0.999950
0.380390 0.658970
0.009138 0.999880
0.005079 0.995290
0.000006 0.990600
0.028453 0.999990
0.271450 0.999950
0.002092 0.998450
0.006565 0.999340
0.997540 0.999960
0.038293 0.999390
0.054991 0.999950
0.929860 0.999700
0.000005 0.984890
0.791320 0.999960
0.010937 0.998000
0.790150 0.999950
0.005860 0.894820
0.000519 0.989390
0.428630 0.999950
0.597820 0.999980
0.149140 0.999930
0.941250 0.999860
0.862880 0.999980
0.501540 0.999730
0.011876 0.999650
0.011283 0.999080
0.001686 0.999150
0.000504 0.999960
0.846100 0.997650
0.000785 0.998870
0.908370 0.989720
0.000074 0.999190
0.008789 0.998110
0.000381 0.994640
0.994410 0.999820
0.001353 0.996360
0.046154 0.999580
0.056206 0.964840
0.043734 0.998220
0.001903 0.762080
0.010842 0.999860
0.049845 0.999940
0.110120 0.999960
0.004830 0.999860
0.003793 0.999850
0.011408 0.996420
0.798390 0.999890
0.723480 0.999410
0.869490 0.999770
0.988040 0.999990
0.007108 0.999700
0.039078 0.998300
0.617290 0.999940
0.002456 0.999690
0.241090 0.999990
0.026416 0.999940
0.000103 0.999700
0.000217 0.999210
0.908320 0.999800
0.015911 0.999630
0.050421 0.999960
0.000041 0.998870
0.067543 0.999460
0.043158 0.992680
0.004798 0.996950
0.002446 0.980220
0.000176 0.975060
0.000000 0.624170
0.886690 0.999780
0.803670 0.999580
0.001543 0.999760
0.779650 0.998400
0.941660 0.999920
0.000312 0.992450
0.324400 0.999490
0.051597 0.999860
0.000038 0.999980
0.059348 0.999970
0.999130 0.999940
0.023583 0.970530
0.822720 0.998400
0.118720 0.999900
0.001544 0.999950
0.039627 0.999890
0.009151 0.999950
0.000000 0.973980
0.004256 0.999720
0.003569 0.995070
0.053794 0.999900
0.333290 0.999920
0.016066 0.998160
0.962080 0.998470
0.004593 0.995980
0.000767 0.998150
0.990650 0.999650
0.004803 0.077522
0.136840 0.996360
0.178220 0.999210
0.761860 0.997390
0.000001 0.984830
0.005686 0.991710
0.013523 0.993030
0.973460 0.999970
0.373610 0.996030
0.933370 0.999900
0.000028 0.998590
0.728450 0.999970
0.000289 0.996790
0.269040 0.999730
0.239560 0.998640
0.000000 0.999360
0.000000 0.994800
0.912720 0.999370
0.992680 0.999960
0.803800 0.998180
0.429770 0.999960
0.966600 0.999910
0.007082 0.999990
0.088083 0.999570
0.141540 0.998300
0.122600 0.999480
0.001125 0.999290
0.040651 0.985920
0.000163 0.999410
0.451540 0.998140
0.000109 0.999620
0.000581 0.999860
0.136530 0.999760
0.000038 0.971940
0.990350 0.999990
0.000230 0.978770
0.000003 0.944090
0.000099 0.995060
0.096880 0.999770
0.141010 0.999960
0.000080 0.996300
0.008330 0.985950
0.864260 0.999990
0.000007 0.983920
0.017053 0.999420
0.060170 0.998480
0.000173 0.975560
0.220360 0.999780
0.999120 0.999940
0.487980 0.998480
0.991480 0.999980
0.000426 0.999460
0.001011 0.999990
0.004708 0.999700
0.000001 0.977390
0.752250 0.997890
0.403490 0.999920
0.012069 0.869120
0.065591 0.999190
0.817520 0.999220
0.000002 0.962600
0.000415 0.999360
0.404480 0.998470
0.005879 0.999470
0.982790 0.999920
0.061014 0.992600
0.004849 0.999480
0.002546 0.999330
0.302400 0.999930
0.003648 0.999620
0.304670 0.999630
0.107610 0.996230
0.000058 0.936770
0.497890 0.999820
0.771350 0.999440
0.015295 0.997740
0.294860 0.999980
0.002620 0.999930
0.001336 0.999260
0.024294 0.999940
0.000324 0.839130
0.000740 0.872850
0.008820 0.996500
0.794050 0.999610
0.001352 0.981280
0.040123 0.999990
0.000005 0.999570
0.000717 0.999870
0.405550 0.999960
0.003568 0.999480
0.246730 0.999750
0.000005 0.967690
0.000058 0.992580
0.000030 0.999120
0.027707 0.999450
0.000031 0.998710
0.000467 0.998310
0.000064 0.999460
0.080689 0.999900
0.000046 0.999630
0.028581 0.999620
0.232980 0.999920
0.000238 0.999910
0.006209 0.997030
0.197180 0.999700
0.594430 0.999480
0.000130 0.999470
0.004887 0.999990
0.015479 0.999380
0.142210 0.993350
0.007402 0.999910
0.000131 0.999830
0.002026 0.999390
0.032350 0.995390
0.000248 0.999730
0.356830 0.999150
0.543200 0.999900
0.131840 0.997090
0.000080 0.983740
0.000942 0.999960
0.834990 0.999880
0.128920 0.999940
0.000428 0.999750
0.164620 0.999990
0.044532 0.999550
0.975240 0.999990
0.000919 0.995700
0.700100 0.999780
0.127300 0.999010
0.035121 0.999830
0.333040 0.999780
0.053685 0.998620
0.000235 0.999810
0.003701 0.999610
0.022633 0.997160
0.091449 0.989460
0.790560 0.998440
0.024765 0.999930
0.000510 0.999200
0.015626 0.999940
0.006447 0.999600
0.000005 0.999080
0.000246 0.999980
0.000077 0.986500
0.001789 0.997510
0.041775 0.999760
0.466910 0.999740
0.002406 0.999940
0.011537 0.999560
0.371010 0.999930
0.050905 0.998370
0.020180 0.999940
0.058289 0.996710
0.000195 0.985930
0.000298 0.936230
0.966530 0.999770
0.856010 0.999930
0.055459 0.998060
0.293420 0.999900
0.000044 0.999140
0.000021 0.963600
0.024717 0.998610
0.004025 0.995200
0.000000 0.975910
0.150940 0.998380
0.804370 0.999970
0.002654 0.999730
0.063953 0.999570
0.000154 0.982010
0.994010 0.999880
0.377120 0.999950
0.000132 0.976500
0.978410 0.998480
0.304090 0.999820
0.833130 0.999770
0.532620 0.999940
0.000009 0.959900
0.000387 0.996130
0.000218 0.999860
0.145160 0.997820
0.009079 0.999890
0.008593 0.999560
0.000171 0.932610
0.015950 0.999600
0.159250 0.999550
0.008639 0.999700
0.038650 0.999940
0.280820 0.997710
0.000766 0.999940
0.964240 0.999980
0.833470 0.998050
0.766160 0.999500
0.999090 0.999970
0.012191 0.997780
0.000000 0.999540
0.000394 0.999890
0.005767 0.977930
0.006881 0.999350
0.152430 0.998470
0.787690 0.999880
0.000040 0.999590
0.179520 0.984480
0.000003 0.882750
0.001375 0.997180
0.000059 0.997990
0.019928 0.999470
0.000457 0.999700
0.086804 0.997910
0.000002 0.999110
0.739500 0.999650
0.000142 0.987410
0.453880 0.999930
0.374730 0.999980
0.012767 0.996710
0.027414 0.999970
0.006050 0.999930
0.000309 0.997500
0.000590 0.995220
0.775670 0.998490
0.022078 0.988980
0.003323 0.999840
0.000004 0.999230
0.999540 0.999940
0.802490 0.999930
0.007464 0.996890
0.978130 0.999920
0.944960 0.999560
0.001517 0.999860
0.001788 0.999950
0.883540 0.999950
0.982730 0.998480
0.000753 0.997320
0.263090 0.999550
0.057638 0.999390
0.036416 0.997890
0.371760 0.999920
0.949720 0.999890
0.964090 0.998470
0.993790 0.999960
0.100260 0.999950
0.021081 0.999970
0.037041 0.997640
0.000170 0.999980
0.028607 0.999970
0.058405 0.998990
0.821570 0.999930
0.554390 0.999490
0.019821 0.999120
0.015119 0.999800
0.020078 0.999820
0.024378 0.999970
0.501470 0.999780
0.008956 0.996190
0.045519 0.999970
0.000000 0.999330
0.292590 0.998490
0.001722 0.997680
0.042700 0.985660
0.007423 0.999580
0.079528 0.996110
0.000045 0.989920
0.194240 0.999920
0.000065 0.995780
0.344590 0.998480
0.005612 0.996860
0.033569 0.999980
0.597250 0.999870
0.016073 0.999940
0.002253 0.999170
0.046450 0.999940
0.203550 0.999930
0.170090 0.994760
0.105070 0.999780
0.005821 0.998370
0.000059 0.997840
0.003091 0.999420
0.002826 0.998500
0.000028 0.916440
0.000118 0.999770
0.011257 0.999770
0.000385 0.999880
0.027076 0.999440
0.052346 0.997740
0.006723 0.997490
0.471900 0.999670
0.001968 0.999680
0.118930 0.999900
0.002278 0.994560
0.268150 0.999630
0.000343 0.999860
0.100220 0.994760
0.033505 0.997880
0.000082 0.998850
0.047955 0.999920
0.000039 0.897310
0.959130 0.998430
0.000714 0.999220
0.000194 0.998200
0.023846 0.998800
0.995470 0.999780
0.000298 0.997400
0.037296 0.999130
0.003231 0.993730
0.032455 0.999480
0.000000 0.998430
0.750240 0.999890
0.042729 0.998430
0.001257 0.999790
0.069997 0.999610
0.004646 0.998900
0.043809 0.999780
0.003004 0.999670
0.005250 0.996860
0.051650 0.999880
0.266310 0.999290
0.092368 0.999970
0.104270 0.999060
0.727110 0.999420
0.024029 0.981110
0.002857 0.999920
0.047891 0.993990
0.000000 0.959200
0.008926 0.999980
0.000000 0.987220
0.883670 0.999760
0.854330 0.999770
0.000090 0.999880
0.000190 0.999240
0.003435 0.999710
0.000007 0.856450
0.968400 0.999980
0.519920 0.999740
0.006451 0.999490
0.401630 0.999310
0.003053 0.999650
0.018830 0.999730
0.000747 0.996380
0.001350 0.995010
0.001438 0.998000
0.159500 0.999690
0.248590 0.999950
0.000167 0.993200
0.033690 0.999350
0.602320 0.997800
0.085914 0.997180
0.001527 0.997830
0.000119 0.999130
0.000071 0.995820
0.000301 0.995440
0.104710 0.999900
0.019163 0.999970
0.000445 0.999860
0.004739 0.998680
0.000078 0.999940
0.137660 0.999700
0.525160 0.997810
0.097884 0.999900
0.002842 0.998660
0.698780 0.999830
0.005341 0.999900
0.223200 0.999900
0.011031 0.999500
0.997410 0.999930
0.049106 0.999360
0.000019 0.944060
0.194980 0.994330
0.689350 0.999990
0.006155 0.998820
0.000261 0.997240
0.000000 0.997470
0.801790 0.999470
0.007469 0.999970
0.433780 0.998500
0.097361 0.999590
0.043139 0.999790
0.696710 0.999900
0.001113 0.999900
0.285550 0.998460
0.078850 0.994790
0.001911 0.917880
0.023792 0.999530
0.074645 0.999600
0.032504 0.999900
0.001637 0.999980
0.087976 0.999740
0.322310 0.998470
0.001069 0.998820
0.866730 0.998940
0.223040 0.999940
0.998720 0.999990
0.006899 0.999320
0.987240 0.999930
0.006246 0.992870
0.009684 0.998950
0.290900 0.994800
0.000311 0.994480
0.037291 0.998190
0.000153 0.999660
0.000160 0.998920
0.022990 0.988400
0.649850 0.999930
0.000174 0.721850
0.000001 0.993750
0.005278 0.992310
0.117140 0.999740
0.000003 0.999130
0.053307 0.996940
0.909130 0.999780
0.000594 0.992340
0.832790 0.999620
0.000189 0.999920
0.000164 0.999110
0.979820 0.999940
0.003700 0.998880
0.595350 0.999440
0.000072 0.990750
0.341500 0.999770
0.007142 0.999770
0.001125 0.999810
0.134530 0.999280
0.222650 0.999700
0.464780 0.999880
0.018254 0.997720
0.079441 0.999720
0.000002 0.998590
0.145660 0.999750
0.018383 0.999700
0.533730 0.999610
0.739100 0.999990
0.000708 0.999740
0.045100 0.999910
0.160130 0.998540
0.001500 0.997700
0.122630 0.999660
0.258050 0.999910
0.019100 0.999890
0.951770 0.999940
0.866950 0.999740
0.000007 0.999650
0.007158 0.998990
0.000041 0.999940
0.941440 0.998470
0.975150 0.999930
0.005006 0.997330
0.000000 0.834370
0.323450 0.999830
0.013258 0.999500
0.001432 0.908810
0.825190 0.999780
0.274910 0.999930
0.002482 0.999530
0.488830 0.999980
0.002099 0.999810
0.056333 0.999870
0.995500 0.998470
0.001011 0.999980
0.020902 0.988290
0.024527 0.999980
0.333850 0.998380
0.491700 0.999080
0.000081 0.990400
0.254660 0.997460
0.009280 0.999480
0.038397 0.999930
0.040922 0.974110
0.016667 0.996050
0.987410 0.999500
0.793820 0.998290
0.000369 0.992650
0.790450 0.999020
0.001035 0.997310
0.188230 0.999780
0.116350 0.997880
0.000846 0.996770
0.060007 0.994760
0.010402 0.999480
0.000007 0.997810
0.247750 0.999950
0.374420 0.999480
0.026072 0.999990
0.000077 0.994550
0.609710 0.997530
0.777710 0.997890
0.522080 0.999780
0.009087 0.999870
0.000054 0.999220
0.005373 0.999920
0.003463 0.996210
0.005896 0.999680
0.000322 0.999880
0.004123 0.999940
0.000095 0.998460
0.013271 0.999530
0.000013 0.994930
0.019244 0.991600
0.000010 0.999700
0.892720 0.999940
0.924010 0.998480
0.000796 0.999090
0.015798 0.999720
0.150070 0.997640
0.033474 0.999940
0.985410 0.999990
0.133220 0.999600
0.007025 0.996730
0.005854 0.998860
0.922420 0.999930
0.000404 0.983930
0.683070 0.999940
0.001433 0.999830
0.000001 0.999650
0.000244 0.993620
0.133330 0.995360
0.000027 0.990110
0.989270 0.999980
0.998650 0.999930
0.001927 0.999210
0.075293 0.995540
0.000271 0.999920
0.090651 0.996880
0.000525 0.993510
0.413360 0.999690
0.354960 0.999940
0.185490 0.999890
0.170960 0.999970
0.050254 0.996720
0.300530 0.999920
0.210810 0.998000
0.114110 0.999520
0.537520 0.998420
0.000147 0.997940
0.989570 0.997000
0.183280 0.997900
0.046558 0.999960
0.406180 0.999810
0.000000 0.999480
0.016168 0.997200
0.074626 0.996960
0.092188 0.999740
0.003732 0.992440
0.881780 0.999770
0.391980 0.996820
0.007285 0.998600
0.001708 0.999380
0.257310 0.998170
0.321240 0.999930
0.033463 0.999890
0.000110 0.999420
0.914240 0.999920
0.006697 0.999580
0.006091 0.999520
0.000522 0.991260
0.919270 0.999940
0.133960 0.983470
0.000181 0.995430
0.191410 0.999260
0.997930 0.999960
0.041938 0.996870
0.925300 0.999920
0.000308 0.999480
0.860310 0.999230
0.000125 0.059637
0.006928 0.999920
0.626410 0.999780
0.000049 0.967030
0.113970 0.984330
0.227470 0.998270
0.000283 0.999690
0.057494 0.999800
0.000005 0.999700
0.057877 0.999720
0.108100 0.999260
0.000404 0.996470
0.005575 0.997090
0.010781 0.999500
0.855580 0.999940
0.001476 0.997810
0.000000 0.988980
0.005279 0.999910
0.207470 0.999710
0.000221 0.988180
0.044091 0.977730
0.000000 0.999580
0.900310 0.999960
0.000006 0.997030
0.015288 0.991560
0.927410 0.999780
0.001606 0.999410
0.001173 0.992110
0.023263 0.997570
0.000006 0.999960
0.004581 0.996080
0.303240 0.997270
0.889940 0.999940
0.145300 0.998420
0.001821 0.999920
0.013892 0.690060
0.202160 0.998490
0.794570 0.999990
0.713500 0.999880
0.849240 0.999770
0.689730 0.999280
0.006146 0.999000
0.003475 0.999970
0.472350 0.999850
0.016388 0.999920
0.004292 0.705590
0.215000 0.999940
0.000960 0.999840
0.097736 0.999580
0.000001 0.999750
0.000000 0.999940
0.000000 0.961720
0.005909 0.997110
0.432900 0.998810
0.009087 0.999930
0.320550 0.999490
0.031091 0.606030
0.095047 0.991960
0.000058 0.993360
0.053187 0.998310
0.003344 0.999770
0.997030 0.999780
0.000011 0.993140
0.005965 0.999910
0.000093 0.999560
0.092361 0.996550
0.000270 0.996510
0.552060 0.999580
0.000023 0.989660
0.073654 0.999940
0.570860 0.999970
0.041506 0.999130
0.000000 0.999820
0.317580 0.997910
0.041683 0.999950
0.000000 0.985400
0.018321 0.997660
0.762820 0.999500
0.007807 0.999520
0.025504 0.999530
0.000003 0.999320
0.012621 0.997780
0.000000 0.975530
0.106480 0.999660
0.070301 0.999400
0.604280 0.999930
0.082432 0.998260
0.003373 0.998490
0.000000 0.998310
0.000859 0.999810
0.746890 0.999330
0.000005 0.795400
0.012953 0.995670
0.515260 0.997790
0.016473 0.999230
0.000011 0.658750
0.851090 0.999490
0.001670 0.998060
0.311390 0.999980
0.008901 0.999450
0.011338 0.999510
0.034163 0.996620
0.005848 0.999200
0.079436 0.998770
0.000027 0.999120
0.113880 0.996290
0.010531 0.998500
0.153810 0.986370
0.001735 0.996110
0.002494 0.999900
0.000006 0.996470
0.000713 0.999760
0.024420 0.996640
0.280450 0.999770
0.004452 0.995410
0.000348 0.994300
0.008944 0.999680
0.016317 0.999930
0.005488 0.995560
0.090147 0.985280
0.583970 0.999660
0.874770 0.999820
0.083029 0.999570
0.689880 0.999570
0.000194 0.986180
0.111160 0.999640
0.675680 0.999560
0.028390 0.768600
0.000012 0.999900
0.004608 0.998070
0.965970 0.999920
0.148670 0.999540
0.811170 0.999990
0.005635 0.998250
0.000067 0.999890
0.000105 0.999860
0.000007 0.999670
0.110470 0.999930
0.861730 0.999780
0.615630 0.996830
0.482500 0.999990
0.009104 0.999390
0.099238 0.999770
0.002754 0.985480
0.119580 0.999840
0.006389 0.995850
0.001706 0.999500
0.043568 0.998990
0.003972 0.999540
0.009340 0.999690
0.291350 0.999950
0.827730 0.999980
0.000344 0.997920
0.199300 0.999700
0.059924 0.999190
0.412850 0.999900
0.010177 0.997550
0.179010 0.999940
0.004881 0.999250
0.045220 0.999920
0.000403 0.999720
0.002837 0.999470
0.000641 0.992320
0.002544 0.999780
0.720490 0.999990
0.009291 0.999440
0.000000 0.999860
0.014110 0.995790
0.032932 0.999970
0.002681 0.999850
0.000302 0.999880
0.208560 0.996280
0.003533 0.994360
0.019232 0.999940
0.223350 0.902820
0.000037 0.999220
0.016952 0.999780
0.000012 0.995600
0.035389 0.999930
0.511410 0.998310
0.118260 0.999950
0.000106 0.999880
0.081231 0.999770
0.023129 0.999200
0.928370 0.999960
0.940070 0.999890
0.947710 0.999770
0.000026 0.997490
0.004534 0.999340
0.004525 0.999860
0.000454 0.999340
0.009233 0.999660
0.000002 0.977490
0.000000 0.958270
0.279770 0.999660
0.035375 0.999180
0.161220 0.999920
0.316990 0.999400
0.001099 0.484860
0.037132 0.998070
0.283820 0.999130
0.662540 0.999660
0.822680 0.999970
0.457150 0.998180
0.000305 0.999780
0.524240 0.997030
0.004182 0.999830
0.070581 0.999960
0.077250 0.999720
0.124060 0.999890
0.218110 0.999960
0.613030 0.999510
0.000544 0.999230
0.003992 0.999920
0.000114 0.999980
0.013804 0.999840
0.004654 0.999880
0.003126 0.992320
0.002627 0.975750
0.015390 0.999650
0.145160 0.999820
0.000005 0.998210
0.000488 0.998410
0.103700 0.999740
0.188150 0.997720
0.006050 0.994190
0.285710 0.984010
0.989530 0.997890
0.717370 0.999640
0.007862 0.998940
0.581300 0.999500
0.322790 0.999740
0.000052 0.999580
0.017632 0.999180
0.000126 0.998020
0.004921 0.999410
0.153660 0.999960
0.004573 0.995820
0.315780 0.999820
0.010640 0.994970
0.000243 0.989730
0.968620 0.997890
0.034490 0.999950
0.139830 0.999580
0.598050 0.997850
0.077321 0.999500
0.006097 0.999380
0.857170 0.999310
0.068868 0.999800
0.000204 0.998280
0.000165 0.990010
0.380750 0.996790
0.069691 0.999880
0.002525 0.998550
0.058665 0.999690
0.000258 0.999330
0.000222 0.999920
0.000028 0.964740
0.039725 0.973620
0.998700 0.999920
0.016860 0.997470
0.934980 0.997840
0.000235 0.999900
0.015669 0.999910
0.014833 0.997590
0.001469 0.998550
0.000001 0.999720
0.000004 0.999350
0.028241 0.999650
0.387250 0.999380
0.003114 0.988260
0.001448 0.997320
0.953350 0.999940
0.000000 0.999810
0.018482 0.996080
0.002677 0.997690
0.029390 0.999910
0.001129 0.999710
0.004268 0.999830
0.032118 0.999890
0.321390 0.999510
0.015666 0.999550
0.769880 0.998470
0.261460 0.923480
0.086510 0.999500
0.000003 0.991460
0.087698 0.999970
0.414730 0.999610
0.002603 0.999930
0.533430 0.999940
0.079260 0.999970
0.365130 0.999940
0.000002 0.999260
0.126040 0.999480
0.000058 0.999640
0.062938 0.958950
0.000515 0.999790
0.003593 0.998450
0.043014 0.999980
0.421940 0.996450
0.009718 0.999840
0.000085 0.995380
0.412930 0.999890
0.013341 0.999940
0.757610 0.999910
0.749000 0.999780
0.000204 0.998940
0.446340 0.997090
0.089446 0.998230
0.058006 0.998790
0.001287 0.950090
0.149200 0.999690
0.016260 0.999860
0.905410 0.999980
0.988340 0.998480
0.000467 0.996690
0.025919 0.999670
0.000112 0.993140
0.001314 0.999010
0.937660 0.999550
0.005375 0.999490
0.432960 0.999940
0.000000 0.994380
0.000000 0.979900
0.027002 0.997270
0.011728 0.996540
0.000651 0.990020
0.003467 0.999530
0.000000 0.999810
0.006418 0.998850
0.000073 0.992030
0.005168 0.998490
0.010338 0.997740
0.570290 0.999750
0.000027 0.981620
0.012233 0.999920
0.900330 0.999980
0.739300 0.999470
0.000174 0.999300
0.039005 0.997700
0.001044 0.985000
0.003243 0.996200
0.000001 0.999270
0.095388 0.999770
0.001297 0.849120
0.410630 0.999910
0.122240 0.999940
0.840590 0.997920
0.007369 0.957810
0.839890 0.999920
0.934060 0.999780
0.000041 0.999890
0.000002 0.992840
0.079692 0.999380
0.176900 0.999420
0.000591 0.995940
0.000021 0.999700
0.000058 0.998470
0.111410 0.999680
0.010106 0.999970
0.000356 0.995540
0.902640 0.997160
0.245680 0.999720
0.010608 0.998510
0.100230 0.996590
0.013521 0.999340
0.694800 0.999920
0.000190 0.997360
0.514400 0.998230
0.372180 0.999620
0.000290 0.999650
0.000146 0.999270
0.000821 0.999970
0.131830 0.998430
0.000045 0.427570
0.000755 0.999930
0.200640 0.997850
0.026324 0.999100
0.033958 0.607190
0.399780 0.999980
0.063057 0.999600
0.004480 0.997220
0.771140 0.999910
0.118520 0.999470
0.000275 0.999310
0.016966 0.999990
0.985830 0.999700
0.000358 0.998300
0.008210 0.989400
0.351390 0.999770
0.008562 0.997550
0.002861 0.905630
0.000083 0.999610
0.020941 0.999990
0.116220 0.999920
0.036714 0.999470
0.003415 0.917030
0.993200 0.999780
0.843240 0.998470
0.091607 0.998240
0.022063 0.998980
0.401310 0.999920
0.000454 0.996490
0.001762 0.994830
0.003436 0.999970
0.000147 0.999910
0.165090 0.999990
0.006952 0.999230
0.404580 0.999730
0.018945 0.999390
0.000694 0.996980
0.034534 0.999910
0.279870 0.999990
0.031478 0.999200
0.070241 0.999420
0.000061 0.992090
0.000591 0.963660
0.499070 0.999620
0.254580 0.997350
0.001028 0.997070
0.915580 0.999930
0.000002 0.999200
0.000501 0.998680
0.000149 0.998310
0.458840 0.999880
0.000002 0.999480
0.781280 0.999870
0.205960 0.999930
0.006532 0.999710
0.364920 0.999860
0.010241 0.999920
0.966610 0.999980
0.002353 0.998270
0.509270 0.999910
0.018466 0.999940
0.057268 0.999490
0.318840 0.999850
0.008697 0.998340
0.034034 0.999520
0.216000 0.999880
0.005221 0.997760
0.003136 0.999980
0.135370 0.999950
0.027330 0.998190
0.071688 0.995760
0.026153 0.982380
0.026064 0.999120
0.016475 0.997300
0.843340 0.998420
0.000263 0.900050
0.000061 0.982720
0.170290 0.998480
0.177390 0.997870
0.006344 0.998280
0.983920 0.999780
0.047731 0.999970
0.835250 0.999970
0.013012 0.999400
0.030634 0.999640
0.011454 0.998410
0.392820 0.999840
0.952480 0.999760
0.017007 0.999980
0.836770 0.999330
0.059363 0.998230
0.441380 0.999870
0.545940 0.999980
0.577090 0.999580
0.104270 0.999300
0.847770 0.999380
0.000269 0.532210
0.000124 0.999990
0.000474 0.999250
0.779290 0.998380
0.015660 0.997750
0.988890 0.999990
0.004602 0.994770
0.000055 0.999720
0.328840 0.985620
0.000039 0.994940
0.000440 0.998220
0.023818 0.999990
0.014695 0.999930
0.000489 0.996220
0.008070 0.996100
0.000113 0.999890
0.065510 0.999940
0.013522 0.999760
0.996200 0.999990
0.188520 0.999880
0.030105 0.993100
0.019405 0.999910
0.016945 0.999930
0.060846 0.999960
0.032998 0.998390
0.305990 0.998220
0.989100 0.999940
0.000006 0.997360
0.174990 0.997300
0.297180 0.999910
0.328170 0.998340
0.000078 0.982260
0.000872 0.999510
0.000108 0.999010
0.270870 0.999840
0.871530 0.999630
0.030921 0.999340
0.000410 0.999920
0.000106 0.997170
0.845810 0.999460
0.000002 0.942300
0.311250 0.999970
0.315310 0.998910
0.115190 0.999480
0.002813 0.994130
0.000044 0.999470
0.076512 0.999600
0.000002 0.999760
0.014887 0.999850
0.002092 0.999700
0.000672 0.997370
0.000008 0.995410
0.932430 0.999830
0.319940 0.999930
0.110710 0.998060
0.154360 0.998900
0.001117 0.999830
0.000130 0.999930
0.661460 0.999560
0.541700 0.998430
0.000000 0.999180
0.489700 0.997880
0.000189 0.999860
0.005059 0.998370
0.000506 0.999620
0.000193 0.999540
0.000123 0.988810
0.995990 0.999930
0.000009 0.996360
0.100420 0.998220
0.430100 0.999580
0.000025 0.844020
0.000963 0.999380
0.006802 0.999780
0.880890 0.999870
0.000058 0.995710
0.000031 0.999930
0.056578 0.999980
0.000003 0.999570
0.021982 0.999810
0.000027 0.999450
0.902600 0.999960
0.012369 0.998420
0.004320 0.996680
0.013005 0.999170
0.031866 0.998880
0.626470 0.999750
0.008557 0.999870
0.158300 0.999930
0.010241 0.996900
0.000949 0.959710
0.010153 0.993700
0.009952 0.998340
0.015295 0.999950
0.063848 0.999980
0.004705 0.998570
0.113290 0.999910
0.060421 0.995760
0.447870 0.999930
0.428790 0.998480
0.019649 0.998780
0.047476 0.999750
0.106120 0.989740
0.000266 0.999920
0.048346 0.999520
0.003838 0.998990
0.000333 0.973230
0.972200 0.999440
0.883990 0.999780
0.131140 0.998470
0.701100 0.999510
0.684860 0.999930
0.000000 0.965360
0.008362 0.999820
0.000199 0.997530
0.937710 0.999300
0.717090 0.999780
0.922650 0.999580
0.000228 0.999610
0.010574 0.969960
0.380080 0.999940
0.008368 0.995940
0.052587 0.998070
0.000207 0.988590
0.005461 0.999900
0.020315 0.999330
0.000012 0.999290
0.052573 0.996270
0.584360 0.998450
0.000001 0.986990
0.012083 0.999930
0.000387 0.998760
0.005130 0.988180
0.029530 0.999900
0.208960 0.999850
0.030011 0.998390
0.044660 0.995020
0.051701 0.999330
0.000002 0.998620
0.601410 0.999780
0.000005 0.999770
0.002025 0.999890
0.000151 0.995960
0.000142 0.997550
0.945830 0.999940
0.999810 0.999940
0.003547 0.999770
0.002225 0.999950
0.850330 0.999910
0.002442 0.997890
0.004340 0.999980
0.000000 0.982730
0.002150 0.999700
0.001719 0.989340
0.938640 0.999780
0.081821 0.999860
0.001966 0.996550
0.072880 0.997960
0.172680 0.999940
0.622860 0.987460
0.000076 0.978530
0.000000 0.310160
0.000040 0.998110
0.807280 0.999960
0.002135 0.997080
0.000003 0.945010
0.002886 0.981050
0.507220 0.999400
0.195520 0.998420
0.709600 0.999960
0.132880 0.999930
0.005295 0.999900
0.000350 0.910030
0.000032 0.968900
0.201200 0.999370
0.001512 0.995720
0.000125 0.994350
0.639630 0.999970
0.000180 0.998450
0.010149 0.995370
0.000033 0.933590
0.000051 0.999770
0.120240 0.999780
0.000003 0.999880
0.000018 0.999190
0.000308 0.999900
0.026140 0.999950
0.012280 0.999870
0.605110 0.999880
0.012285 0.997450
0.988110 0.999780
0.000001 0.766630
0.000007 0.990120
0.000284 0.999640
0.062663 0.999980
0.146270 0.604670
0.001194 0.999540
0.000491 0.999730
0.000948 0.976190
0.001237 0.999220
0.000744 0.998730
0.001149 0.999790
0.022813 0.980800
0.002370 0.967560
0.097580 0.999980
0.717430 0.999910
0.046346 0.999530
0.000000 0.997610
0.881490 0.999960
0.040611 0.999950
0.025491 0.996480
0.012284 0.956520
0.005465 0.776040
0.036318 0.999990
0.123200 0.999980
0.887340 0.999440
0.944490 0.999930
0.000162 0.984900
0.000165 0.999050
0.000481 0.997470
0.004291 0.992030
0.014925 0.999190
0.000000 0.999770
0.007351 0.997430
0.000652 0.983000
0.000536 0.996990
0.141090 0.991790
0.199840 0.999980
0.003445 0.992820
0.048228 0.999770
0.383790 0.999390
0.000425 0.994730
0.228920 0.999940
0.046194 0.999640
0.974860 0.999560
0.007197 0.994370
0.262630 0.999750
0.421050 0.999970
0.462740 0.978400
0.000148 0.900890
0.000000 0.999970
0.120230 0.999500
0.001286 0.998150
0.001302 0.998740
0.019915 0.995310
0.840550 0.999580
0.028884 0.999780
0.040644 0.999910
0.288430 0.999740
0.006038 0.990470
0.140180 0.999820
0.001820 0.996760
0.000557 0.998890
0.000002 0.990730
0.000009 0.999730
0.670920 0.996800
0.381440 0.999950
0.028673 0.999920
0.012581 0.996310
0.000029 0.999480
0.110080 0.999960
0.014457 0.990540
0.000225 0.995350
0.977950 0.999780
0.650530 0.992720
0.001146 0.999890
0.000927 0.999120
0.047372 0.996220
0.026120 0.999770
0.000004 0.999160
0.000028 0.997170
0.809910 0.999950
0.000190 0.997990
0.301290 0.998810
0.096737 0.999840
0.000095 0.999990
0.007111 0.996100
0.005536 0.988870
0.810280 0.998420
0.073307 0.973770
0.119200 0.999940
0.006176 0.995000
0.164620 0.998080
0.001659 0.997980
0.024028 0.996240
0.265130 0.999950
0.000750 0.936450
0.000169 0.997890
0.000004 0.997870
0.632520 0.999840
0.722820 0.999940
0.107890 0.999590
0.000001 0.999700
0.012988 0.974890
0.027769 0.999870
0.000289 0.999990
0.000107 0.999980
0.000000 0.999930
0.000368 0.997490
0.542390 0.999940
0.037941 0.998300
0.001795 0.993990
0.000083 0.999750
0.062350 0.999960
0.027872 0.998740
0.416580 0.999950
0.979290 0.999990
0.233080 0.997390
0.000268 0.997410
0.870890 0.999990
0.003433 0.999630
0.182790 0.999580
0.075393 0.996420
0.021555 0.999950
0.025523 0.998930
0.990860 0.999960
0.200640 0.999760
0.000001 0.794310
0.000181 0.998160
0.048065 0.993460
0.000000 0.999480
0.019696 0.999920
0.000008 0.408250
0.920110 0.999930
0.000115 0.986720
0.091194 0.998340
0.003548 0.999490
0.004398 0.999120
0.000589 0.999760
0.261150 0.999910
0.237720 0.996150
0.000000 0.999620
0.128640 0.998620
0.000023 0.750140
0.000864 0.995530
0.001190 0.999270
0.001582 0.997710
0.000026 0.992720
0.916260 0.998500
0.589690 0.999660
0.000445 0.993470
0.000009 0.999290
0.000901 0.999130
0.230100 0.999780
0.064903 0.999290
0.401790 0.999510
0.943050 0.999980
0.962100 0.998460
0.000917 0.955580
0.712450 0.998470
0.020711 0.999940
0.003967 0.996710
0.129710 0.999940
0.000508 0.999820
0.218350 0.992080
0.939290 0.999940
0.009591 0.993880
0.810880 0.998650
0.008332 0.999690
0.006929 0.999250
0.071095 0.997850
0.000500 0.999980
0.891640 0.997020
0.747850 0.999390
0.516180 0.999630
0.143320 0.999930
0.016259 0.999490
0.003967 0.923860
0.114540 0.999980
0.985040 0.999940
0.000009 0.999820
0.000052 0.996280
0.553110 0.998450
0.001318 0.549110
0.000009 0.999850
0.955920 0.999960
0.254110 0.999980
0.000334 0.995940
0.222560 0.990340
0.000978 0.998540
0.000577 0.999840
0.075141 0.997880
0.541510 0.999710
0.000330 0.999260
0.997720 0.999980
0.000144 0.880710
0.905250 0.999790
0.002175 0.999970
0.023469 0.999940
0.104360 0.999430
0.000037 0.998990
0.232120 0.999670
0.212470 0.998500
0.172770 0.999960
0.375230 0.991370
0.998430 0.999940
0.005582 0.993710
0.032355 0.999930
0.001587 0.997140
0.025614 0.999330
0.793760 0.999920
0.000645 0.999930
0.798980 0.999780
0.002973 0.999970
0.000141 0.801370
0.000002 0.986550
0.991940 0.999910
0.143760 0.999900
0.008659 0.999870
0.252750 0.998940
0.491510 0.999570
0.001350 0.999780
0.037363 0.999740
0.039107 0.997030
0.419500 0.998810
0.074563 0.999820
0.001140 0.995100
0.000299 0.999760
0.000517 0.944980
0.000315 0.999790
0.000000 0.999480
0.002783 0.999940
0.002751 0.999910
0.893740 0.999890
0.000019 0.999980
0.986530 0.999370
0.000015 0.999430
0.638430 0.999960
0.014662 0.999930
0.951600 0.999580
0.042973 0.994540
0.000005 0.999600
0.004801 0.999690
0.033004 0.999960
0.005557 0.994830
0.249170 0.998230
0.728970 0.992370
0.000020 0.999990
0.001063 0.992130
0.611210 0.999730
0.069469 0.999480
0.001222 0.999580
0.001260 0.980410
0.865480 0.999990
0.027066 0.997840
0.000297 0.991100
0.000005 0.999540
0.000974 0.946210
0.000006 0.992780
0.106970 0.997280
0.715300 0.999780
0.043489 0.997950
0.000005 0.999790
0.224330 0.999830
0.138780 0.998460
0.473610 0.999890
0.555920 0.999580
0.257100 0.999430
0.149240 0.999870
0.009535 0.999510
0.074801 0.999930
0.002999 0.998000
0.010225 0.999900
0.002987 0.999210
0.175870 0.999920
0.000003 0.999640
0.010331 0.996930
0.580620 0.999750
0.017953 0.996080
0.999710 0.999980
0.002413 0.999930
0.389820 0.999940
0.000070 0.998980
0.001479 0.992700
0.864190 0.999780
0.087168 0.999630
0.002190 0.995810
0.024134 0.993900
0.169920 0.999980
0.021320 0.999970
0.000003 0.991020
0.009375 0.999590
0.000118 0.988660
0.000000 0.961400
0.000301 0.989410
0.936910 0.996060
0.003838 0.990350
0.022491 0.998400
0.343010 0.999460
0.000100 0.971770
0.324840 0.989670
0.141900 0.998460
0.000562 0.986750
0.981650 0.999470
0.011585 0.997750
0.965320 0.999870
0.120160 0.999880
0.980720 0.999970
0.112020 0.999900
0.990530 0.999400
0.972680 0.999780
0.023551 0.999920
0.000007 0.999900
0.000000 0.990940
0.978790 0.999780
0.002392 0.994740
0.022938 0.999740
0.567620 0.999990
0.000002 0.999430
0.000050 0.997130
0.038132 0.998970
0.000616 0.996800
0.000020 0.998150
0.000080 0.310240
0.012899 0.997220
0.256910 0.999970
0.000135 0.999980
0.346230 0.996890
0.015836 0.995770
0.119390 0.999920
0.060176 0.998440
0.003797 0.999480
0.002224 0.999980
0.834200 0.999770
0.091209 0.992120
0.662570 0.999960
0.439020 0.999960
0.005732 0.989280
0.857980 0.999180
0.962100 0.999920
0.000689 0.999340
0.000161 0.999300
0.172920 0.999960
0.908370 0.999920
0.383120 0.991820
0.054021 0.999730
0.560940 0.998450
0.000002 0.997620
0.005276 0.999930
0.017737 0.999300
0.001491 0.997710
0.016884 0.877570
0.003054 0.993660
0.972890 0.999950
0.191430 0.999760
0.081302 0.998350
0.000000 0.999930
0.000436 0.640220
0.034535 0.999840
0.244180 0.999870
0.012108 0.997580
0.003818 0.998920
0.021876 0.999670
0.000521 0.999950
0.392040 0.999780
0.000001 0.993280
0.003930 0.999770
0.002661 0.933980
0.093570 0.996150
0.000072 0.995750
0.000162 0.142390
0.847330 0.998430
0.004645 0.998270
0.000007 0.999530
0.381590 0.999910
0.016866 0.999900
0.016242 0.999540
0.002054 0.999470
0.086713 0.999970
0.039378 0.998450
0.921020 0.999940
0.034820 0.999880
0.835320 0.999970
0.029466 0.999930
0.987680 0.998290
0.014512 0.999700
0.002148 0.999180
0.418750 0.999970
0.922380 0.999930
0.005496 0.992390
0.689150 0.999570
0.437080 0.999970
0.000016 0.999770
0.000504 0.843280
0.201100 0.996320
0.000000 0.999790
0.000002 0.999370
0.000990 0.994180
0.727470 0.999780
0.011823 0.970830
0.995260 0.999940
0.909500 0.999780
0.807960 0.999990
0.000865 0.999580
0.994610 0.999990
0.965330 0.998480
0.478700 0.999270
0.000636 0.998410
0.006963 0.997820
0.078140 0.975810
0.997170 0.999960
0.000134 0.998030
0.000023 0.982540
0.295040 0.998450
0.038443 0.999660
0.000505 0.998750
0.020341 0.998380
0.067850 0.998930
0.777550 0.999410
0.666230 0.998490
0.000012 0.998890
0.008190 0.997540
0.000786 0.999770
0.995610 0.999930
0.444340 0.999870
0.948390 0.999780
0.938880 0.999580
0.617070 0.999500
0.000138 0.998690
0.001808 0.997780
0.001360 0.997220
0.000000 0.999870
0.002960 0.997450
0.997610 0.999970
0.040837 0.999920
0.100390 0.999770
0.026051 0.998430
0.051930 0.976810
0.000043 0.920090
0.000036 0.999840
0.000211 0.988860
0.769810 0.996580
0.005828 0.994780
0.049701 0.999920
0.411580 0.996260
0.496110 0.999900
0.964760 0.999920
0.004130 0.999850
0.943600 0.999950
0.286870 0.999870
0.030743 0.996530
0.013060 0.999640
0.006806 0.989620
0.043335 0.998220
0.001417 0.990560
0.000239 0.996290
0.057114 0.967560
0.006302 0.995860
0.000471 0.996920
0.988350 0.999410
0.888640 0.999920
0.000023 0.997310
0.672480 0.999780
0.000001 0.846030
0.198490 0.999800
0.769900 0.997720
0.023560 0.999910
0.002247 0.998340
0.822630 0.999380
0.029788 0.982760
0.000020 0.888770
0.004399 0.980420
0.329440 0.999610
0.865260 0.999710
0.262760 0.999570
0.002170 0.999940
0.983110 0.997900
0.051190 0.995980
0.002039 0.999920
0.008509 0.999740
0.000062 0.545850
0.249730 0.999810
0.001090 0.999890
0.086143 0.993980
0.005523 0.999530
0.867380 0.999930
0.579600 0.999890
0.000238 0.999540
0.001355 0.992880
0.000455 0.983600
0.865880 0.999940
0.000006 0.996460
0.000068 0.992420
0.061465 0.990850
0.077199 0.999950
0.431100 0.999960
0.016293 0.999470
0.940040 0.999930
0.005888 0.981550
0.000051 0.973100
0.170240 0.999850
0.022638 0.999930
0.006396 0.999890
0.885100 0.998250
0.107090 0.717380
0.022329 0.999580
0.658140 0.998470
0.000013 0.999750
0.990110 0.999990
0.022279 0.999930
0.234090 0.999770
0.067184 0.999970
0.251530 0.999980
0.000038 0.999400
0.000015 0.937530
0.105040 0.995490
0.000338 0.999050
0.208190 0.999940
0.000417 0.997640
0.021204 0.999850
0.122900 0.999970
0.833510 0.999610
0.000539 0.995890
0.039556 0.997230
0.011031 0.999890
0.000118 0.999900
0.004809 0.999890
0.449510 0.994640
0.000004 0.593910
0.102680 0.999820
0.000000 0.999740
0.012175 0.997900
0.000000 0.999920
0.071726 0.998270
0.011434 0.999430
0.981090 0.999990
0.362020 0.999460
0.002446 0.998030
0.003577 0.999580
0.000006 0.988370
0.000301 0.999800
0.005108 0.999180
0.642720 0.999430
0.002365 0.996180
0.997910 0.999930
0.196820 0.999930
0.000091 0.997110
0.003388 0.999770
0.186970 0.994850
0.000248 0.992790
0.018136 0.994460
0.008697 0.999740
0.090503 0.999780
0.896330 0.999980
0.198050 0.999290
0.005170 0.992240
0.000035 0.998180
0.935990 0.999780
0.923810 0.999970
0.103020 0.999940
0.000002 0.996100
0.031246 0.993140
0.001177 0.999990
0.708370 0.999950
0.078001 0.997620
0.794390 0.999540
0.226570 0.997960
0.787380 0.997500
0.000320 0.999020
0.994160 0.999910
0.023368 0.605170
0.221640 0.999990
0.000196 0.993940
0.000000 0.978410
0.000000 0.998000
0.019164 0.997920
0.001453 0.999710
0.009057 0.995920
0.951150 0.999980
0.001641 0.999500
0.057303 0.998370
0.162410 0.997640
0.888810 0.999870
0.003060 0.998170
0.000310 0.989460
0.002554 0.999670
0.089327 0.965780
0.015183 0.999810
0.191780 0.999960
0.085372 0.999490
0.317180 0.999410
0.024622 0.999480
0.000498 0.991080
0.000346 0.999020
0.004873 0.999970
0.023075 0.999890
0.000890 0.999260
0.351750 0.998180
0.981120 0.999500
0.745390 0.999970
0.000308 0.999910
0.059343 0.999910
0.019233 0.999930
0.000129 0.999790
0.944960 0.998470
0.000003 0.999920
0.006027 0.998440
0.060222 0.999950
0.053369 0.999940
0.000016 0.821900
0.000005 0.986840
0.947610 0.999950
0.521340 0.998490
0.004601 0.999740
0.002291 0.993340
0.006047 0.996890
0.164600 0.995130
0.057558 0.999890
0.020515 0.998180
0.289750 0.999970
0.000144 0.999940
0.038699 0.999990
0.020697 0.999950
0.000072 0.999890
0.003819 0.999960
0.153800 0.999490
0.003584 0.999200
0.013621 0.999940
0.009255 0.999710
0.977120 0.999580
0.000101 0.997420
0.968490 0.999970
0.000101 0.999780
0.655230 0.999940
0.001258 0.999970
0.655570 0.999100
0.000021 0.930160
0.916030 0.998490
0.001649 0.997300
0.018401 0.998320
0.253770 0.999350
0.059481 0.999930
0.000074 0.997820
0.087254 0.999490
0.000000 0.996520
0.006577 0.990990
0.006064 0.998470
0.000027 0.973020
0.026390 0.999410
0.395230 0.999960
0.081901 0.998440
0.998290 0.999950
0.015714 0.999810
0.000555 0.999870
0.225780 0.999290
0.000019 0.990730
0.033130 0.999580
0.006444 0.981520
0.988050 0.999480
0.000570 0.999950
0.624220 0.994280
0.000000 0.689640
0.000307 0.996510
0.000172 0.999110
0.956010 0.999760
0.060897 0.999560
0.004335 0.758220
0.229740 0.999910
0.219650 0.996790
0.889970 0.999930
0.001903 0.991210
0.002327 0.999720
0.002826 0.999940
0.014422 0.998350
0.372050 0.998090
0.011579 0.997850
0.024417 0.999250
0.143710 0.999860
0.004702 0.999980
0.120900 0.993130
0.047810 0.994040
0.994280 0.999780
0.002416 0.998130
0.954630 0.999940
0.987870 0.999580
0.915020 0.993180
0.018862 0.999770
0.005754 0.999760
0.002227 0.977260
0.523490 0.999990
0.000297 0.998470
0.004301 0.993490
0.094544 0.999480
0.000030 0.894650
0.009680 0.999650
0.927060 0.999920
0.002093 0.993360
0.000003 0.999920
0.538380 0.998070
0.211110 0.994380
0.003413 0.987250
0.149860 0.999950
0.000008 0.990100
0.001506 0.992330
0.000318 0.996770
0.000022 0.999560
0.007771 0.997910
0.000054 0.997600
0.005122 0.977230
0.157440 0.999940
0.445310 0.998470
0.000042 0.999420
0.162790 0.997950
0.002090 0.999440
0.003957 0.999390
0.001188 0.999990
0.783690 0.999320
0.000000 0.993910
0.072625 0.998310
0.019240 0.998240
0.001871 0.987260
0.002369 0.858510
0.006746 0.999270
0.000008 0.754340
0.019467 0.999950
0.808380 0.999920
0.515900 0.999740
0.001500 0.999920
0.000316 0.999990
0.287390 0.993840
0.218350 0.977910
0.290530 0.999940
0.271040 0.999730
0.318510 0.999470
0.239360 0.999720
0.000811 0.998180
0.009074 0.996540
0.004636 0.988520
0.077322 0.995460
0.000064 0.997550
0.005059 0.999770
0.001342 0.999920
0.010407 0.997440
0.364030 0.999940
0.008693 0.994290
0.992910 0.999940
0.020380 0.999930
0.017927 0.999980
0.697960 0.998420
0.000377 0.996790
0.000955 0.994690
0.714060 0.999920
0.000759 0.992060
0.012313 0.996810
0.944290 0.999570
0.000000 0.973440
0.028956 0.999370
0.000428 0.990780
0.489410 0.997300
0.057750 0.997890
0.004639 0.998620
0.023422 0.999920
0.533890 0.999510
0.000340 0.993480
0.037111 0.999900
0.012431 0.999560
0.000000 0.999930
0.000000 0.917240
0.004320 0.999440
0.080735 0.999710
0.155360 0.999580
0.001412 0.999780
0.005655 0.999900
0.001615 0.989890
0.000000 0.993570
0.991890 0.999940
0.627100 0.999780
0.001231 0.222500
0.000396 0.997850
0.322380 0.999930
0.025457 0.999800
0.003387 0.991720
0.000833 0.999730
0.878780 0.999770
0.293200 0.999500
0.994180 0.999580
0.004609 0.999850
0.000004 0.999770
0.012524 0.999910
0.999700 0.999980
0.100430 0.999940
0.000049 0.999180
0.433700 0.999950
0.007463 0.992530
0.056659 0.999440
0.294250 0.998470
0.411860 0.999970
0.123640 0.996980
0.884330 0.999960
0.022173 0.998490
0.000167 0.996420
0.035644 0.999830
0.543080 0.999570
0.287300 0.999930
0.000001 0.870580
0.359850 0.994450
0.014147 0.999660
0.000255 0.992620
0.177530 0.999460
0.083369 0.991340
0.059619 0.999490
0.023382 0.997530
0.915360 0.999940
0.283320 0.999960
0.000811 0.999780
0.000045 0.997770
0.000496 0.999900
0.881150 0.999980
0.178010 0.999730
0.000013 0.997760
0.000000 0.872140
0.029703 0.995180
0.000051 0.999990
0.000054 0.954640
0.443860 0.999990
0.164350 0.999920
0.001504 0.999230
0.987240 0.999920
0.000309 0.997740
0.078038 0.997740
0.007255 0.999160
0.029519 0.999860
0.014444 0.999810
0.182980 0.998530
0.000063 0.996200
0.269140 0.999520
0.958750 0.998460
0.000002 0.914300
0.017862 0.994420
0.004954 0.998530
0.017352 0.997030
0.000763 0.999770
0.050019 0.999890
0.000050 0.996230
0.024845 0.999620
0.000045 0.999480
0.003055 0.997420
0.410500 0.999900
0.963970 0.999980
0.068594 0.990240
0.070880 0.999580
0.127020 0.999890
0.966860 0.999920
0.166720 0.995310
0.031493 0.998820
0.990690 0.999970
0.009381 0.999280
0.125130 0.999980
0.015426 0.999590
0.003762 0.999860
0.000069 0.988400
0.076347 0.999980
0.793370 0.999930
0.000093 0.931260
0.000124 0.536420
0.926780 0.998490
0.064777 0.996520
0.390070 0.999720
0.000144 0.943040
0.001608 0.999920
0.019787 0.999950
0.000000 0.999930
0.678230 0.999930
0.870210 0.999720
0.005874 0.999760
0.031454 0.998540
0.992590 0.999960
0.005763 0.996660
0.000008 0.926930
0.752340 0.999890
0.000393 0.995830
0.002382 0.998340
0.000304 0.982050
0.100390 0.999930
0.707850 0.999080
0.978640 0.999990
0.002416 0.999400
0.656550 0.999680
0.000131 0.999660
0.000611 0.999890
0.006212 0.997040
0.000002 0.987730
0.009458 0.994070
0.537240 0.998060
0.916400 0.999890
0.965040 0.999780
0.049577 0.850010
0.075965 0.999260
0.546140 0.999680
0.000013 0.999870
0.000006 0.997540
0.204300 0.999760
0.334310 0.999940
0.000001 0.983630
0.002786 0.999730
0.003347 0.999830
0.001405 0.999910
0.000046 0.999470
0.371150 0.999500
0.991920 0.999780
0.000192 0.999880
0.010836 0.999890
0.000225 0.999380
0.574430 0.999870
0.055831 0.999760
0.011723 0.997800
0.033875 0.999260
0.014425 0.997810
0.034676 0.999380
0.017602 0.999690
0.000144 0.994840
0.607510 0.999990
0.010894 0.998290
0.000880 0.998350
0.000055 0.993220
0.747820 0.999980
0.023057 0.993440
0.004225 0.993750
0.484820 0.999940
0.025164 0.967930
0.000009 0.997960
0.881450 0.999780
0.788590 0.929250
0.013678 0.993230
0.231950 0.996480
0.049316 0.999780
0.960320 0.999990
0.000350 0.995770
0.021742 0.998950
0.000106 0.991970
0.002243 0.999930
0.854960 0.999950
0.000008 0.997060
0.044652 0.999760
0.000023 0.999940
0.438440 0.999800
0.000412 0.998630
0.771530 0.997820
0.328970 0.999500
0.024645 0.999760
0.000003 0.996860
0.856820 0.999480
0.006679 0.999960
0.168410 0.999990
0.053833 0.997420
0.000000 0.999940
0.041280 0.999740
0.000531 0.987760
0.000186 0.999840
0.044452 0.999910
0.082586 0.997290
0.008274 0.999910
0.925690 0.999760
0.003829 0.999950
0.995630 0.999990
0.533770 0.999950
0.024403 0.999670
0.106200 0.999650
0.001240 0.999910
0.754950 0.999930
0.560050 0.999970
0.017286 0.982160
0.002745 0.999850
0.000019 0.999800
0.000649 0.975120
0.744720 0.999940
0.649460 0.999990
0.001900 0.983950
0.176340 0.999950
0.000356 0.999520
0.032958 0.999010
0.954830 0.999940
0.000000 0.997860
0.143820 0.999900
0.000965 0.989490
0.015219 0.939170
0.001221 0.998850
0.001898 0.996510
0.003093 0.998480
0.033758 0.999960
0.994490 0.998480
0.001892 0.982140
0.014290 0.993460
0.035765 0.997010
0.000090 0.991960
0.007438 0.998420
0.000040 0.999910
0.997440 0.999780
0.012006 0.994610
0.000040 0.987680
0.012111 0.997850
0.005885 0.996730
0.018575 0.704310
0.000787 0.998190
0.006195 0.995980
0.034732 0.996840
0.160070 0.997820
0.010088 0.998220
0.933420 0.999960
0.851810 0.999990
0.023587 0.995810
0.942690 0.999910
0.000074 0.957340
0.000207 0.999860
0.052097 0.997570
0.793600 0.997680
0.000085 0.999320
0.000001 0.989190
0.019775 0.998830
0.897440 0.999940
0.111870 0.998480
0.968530 0.999970
0.000158 0.984860
0.000000 0.993690
0.000009 0.986560
0.046809 0.999930
0.713530 0.999940
0.094070 0.999910
0.000153 0.997830
0.001219 0.999810
0.105500 0.999760
0.020587 0.999950
0.197730 0.996750
0.001233 0.999950
0.127170 0.999340
0.595840 0.951150
0.003685 0.999520
0.921480 0.999680
0.000206 0.997880
0.762400 0.998490
0.401110 0.999530
0.000069 0.992810
0.007787 0.731040
0.000124 0.998950
0.563480 0.999900
0.997270 0.998290
0.928910 0.999910
0.271500 0.999200
0.015605 0.996100
0.000000 0.972830
0.000158 0.988640
0.008597 0.994930
0.000003 0.950650
0.019351 0.999760
0.067511 0.995950
0.008683 0.999850
0.000791 0.998310
0.000001 0.999190
0.024818 0.979130
0.221680 0.999770
0.000006 0.977870
0.003896 0.999980
0.021833 0.998430
0.010983 0.948350
0.249350 0.996000
0.000000 0.995610
0.036893 0.999900
0.000447 0.998960
0.018541 0.999880
0.657010 0.999740
0.011551 0.997960
0.000019 0.996070
0.117650 0.999830
0.154180 0.999880
0.993060 0.999930
0.004758 0.997540
0.026368 0.995720
0.000000 0.998590
0.000199 0.993200
0.006458 0.992290
0.193820 0.999440
0.078506 0.999930
0.185910 0.999920
0.004774 0.964270
0.036739 0.999760
0.235330 0.999980
0.000000 0.999920
0.015346 0.874460
0.005087 0.999800
0.000101 0.999940
0.000876 0.999680
0.008329 0.999980
0.018387 0.999150
0.200870 0.999480
0.804860 0.998420
0.014509 0.999430
0.058525 0.999870
0.071526 0.996230
0.002112 0.949310
0.001117 0.999500
0.513710 0.999780
0.000449 0.997570
0.000219 0.995750
0.000565 0.999900
0.004122 0.997610
0.000645 0.993430
0.432140 0.999190
0.131200 0.998470
0.001963 0.999140
0.456130 0.998000
0.999810 0.999920
0.992720 0.999930
0.013435 0.996510
0.000371 0.999980
0.372510 0.999500
0.000132 0.974120
0.057925 0.997770
0.000002 0.997440
0.000112 0.996420
0.006181 0.999980
0.000479 0.999840
0.267150 0.992980
0.041222 0.999500
0.000411 0.997920
0.359560 0.999500
0.000000 0.999710
0.970330 0.999780
0.000000 0.999850
0.166360 0.999980
0.003795 0.957910
0.092385 0.997890
0.801530 0.998230
0.002502 0.998560
0.000078 0.999060
0.008127 0.999480
0.000008 0.994800
0.003175 0.997120
0.020765 0.998940
0.000924 0.985950
0.456070 0.999940
0.004424 0.999700
0.000006 0.999880
0.207440 0.999460
0.008025 0.999940
0.095274 0.999960
0.361490 0.998460
0.050717 0.998230
0.003331 0.999550
0.001381 0.999930
0.000865 0.999980
0.002535 0.995920
0.000189 0.999040
0.138360 0.999940
0.895310 0.999750
0.001250 0.999330
0.088458 0.999890
0.032099 0.999980
0.054633 0.995020
0.000033 0.999990
0.005885 0.991900
0.501490 0.999900
0.033229 0.994740
0.739110 0.999960
0.011699 0.999680
0.024714 0.999580
0.509540 0.999950
0.003416 0.996970
0.002546 0.894740
0.989510 0.999990
0.000154 0.999720
0.127260 0.999780
0.424710 0.999750
0.608100 0.999940
0.269350 0.999490
0.002793 0.999460
0.000307 0.999350
0.000180 0.998420
0.000212 0.999030
0.011387 0.997210
0.041000 0.999570
0.016649 0.999560
0.981140 0.999940
0.000899 0.999320
0.048252 0.999570
0.936840 0.999940
0.000093 0.999180
0.549220 0.999940
0.000015 0.998740
0.927240 0.999950
0.001886 0.999940
0.877630 0.999730
0.895700 0.998360
0.998910 0.999780
0.138120 0.998610
0.822990 0.999580
0.008544 0.999970
0.057154 0.995040
0.998780 0.999960
0.280520 0.996700
0.049674 0.999650
0.027267 0.999260
0.565650 0.996080
0.897160 0.999990
0.882590 0.999920
0.538070 0.997460
0.000245 0.999920
0.000060 0.999580
0.013300 0.998450
0.000258 0.998330
0.999040 0.999920
0.895360 0.999990
0.046553 0.999930
0.995560 0.999960
0.014928 0.999200
0.008834 0.996570
0.003760 0.999700
0.186530 0.996870
0.000457 0.999880
0.060119 0.999720
0.000000 0.999600
0.000256 0.984140
0.690970 0.999770
0.000947 0.998390
0.760150 0.999770
0.487500 0.997880
0.000005 0.283730
0.000036 0.995180
0.039000 0.999910
0.009590 0.999980
0.080398 0.999970
0.000001 0.999970
0.000101 0.992950
0.002101 0.999400
0.844320 0.999810
0.000056 0.208190
0.541250 0.999990
0.000022 0.999120
0.018506 0.999740
0.491520 0.999950
0.023033 0.998100
0.036229 0.999880
0.005897 0.999760
0.055905 0.998450
0.998340 0.999960
0.000004 0.997640
0.230790 0.999710
0.086424 0.998470
0.000216 0.983320
0.000084 0.996020
0.813850 0.999440
0.218190 0.999930
0.000010 0.999180
0.006698 0.999900
0.182980 0.999860
0.001602 0.998460
0.805380 0.999650
0.000072 0.994550
0.000004 0.181510
0.006156 0.997050
0.000041 0.999730
0.003593 0.994440
0.005361 0.999840
0.001472 0.999940
0.006829 0.999420
0.931920 0.999940
0.941150 0.999970
0.026860 0.999440
0.000040 0.999000
0.003457 0.999570
0.000116 0.988430
0.000365 0.998240
0.064011 0.997530
0.156420 0.997910
0.001851 0.997480
0.681940 0.989090
0.000292 0.999770
0.000005 0.999000
0.979450 0.999940
0.254310 0.999910
0.127400 0.999950
0.000107 0.938490
0.153320 0.999880
0.968890 0.999740
0.000438 0.996560
0.575370 0.999580
0.004513 0.999850
0.175520 0.999990
0.006568 0.999990
0.923660 0.999930
0.000047 0.810910
0.152460 0.998390
0.024215 0.997890
0.996540 0.999990
0.796870 0.999280
0.006067 0.804630
0.020004 0.999470
0.060673 0.999810
0.008706 0.997260
0.000004 0.998820
0.000075 0.999370
0.174380 0.999820
0.005580 0.999980
0.045942 0.999130
0.000118 0.991450
0.007198 0.999980
0.048533 0.996990
0.000775 0.999060
0.939290 0.999850
0.000007 0.954680
0.000048 0.961340
0.002074 0.977030
0.379160 0.998190
0.136250 0.998120
0.000313 0.999980
0.221860 0.999780
0.065722 0.999970
0.001979 0.999930
0.037447 0.996420
0.123500 0.999950
0.281740 0.999850
0.033500 0.999770
0.012695 0.999950
0.931190 0.999880
0.004344 0.998830
0.000026 0.969970
0.021817 0.999940
0.079295 0.997840
0.000139 0.999960
0.000003 0.984880
0.086323 0.999730
0.578880 0.999350
0.638330 0.999830
0.038681 0.999530
0.873110 0.998470
0.000012 0.966580
0.566450 0.999930
0.003006 0.959690
0.593560 0.999290
0.000859 0.999470
0.524760 0.965100
0.286420 0.995300
0.035034 0.999980
0.004856 0.999730
0.000566 0.999010
0.626730 0.998300
0.000696 0.997060
0.992030 0.999960
0.000024 0.998110
0.000092 0.983470
0.004512 0.953870
0.068530 0.999870
0.000236 0.999950
0.000140 0.999730
0.003219 0.999500
0.219910 0.999470
0.475390 0.999410
0.005942 0.999460
0.992760 0.999990
0.007040 0.997890
0.050425 0.998450
0.000004 0.999920
0.002353 0.999760
0.033167 0.998490
0.384670 0.999820
0.000007 0.999550
0.001318 0.996930
0.000674 0.997640
0.004043 0.998310
0.001163 0.999730
0.000029 0.999400
0.000040 0.981400
0.542170 0.990970
0.003829 0.984340
0.009736 0.956120
0.000003 0.999370
0.000032 0.997670
0.000472 0.993410
0.000209 0.997000
0.000004 0.995980
0.000117 0.991860
0.002051 0.999690
0.632000 0.999980
0.154370 0.999650
0.020498 0.999500
0.026846 0.999840
0.833110 0.996990
0.374020 0.999280
0.004480 0.999720
0.458120 0.998240
0.042353 0.998890
0.883020 0.997850
0.000018 0.999910
0.000583 0.997890
0.000024 0.994730
0.000002 0.999930
0.000000 0.999830
0.000000 0.996040
0.014610 0.999280
0.000092 0.994480
0.084438 0.998480
0.032487 0.998220
0.000000 0.996770
0.014721 0.996500
0.816700 0.999490
0.998260 0.999930
0.000001 0.999190
0.040641 0.998280
0.000007 0.999780
0.152390 0.999650
0.000481 0.997500
0.999250 0.999940
0.641280 0.999940
0.001349 0.999920
0.015311 0.999820
0.195380 0.996230
0.015727 0.997890
0.088539 0.999530
0.009327 0.999880
0.000002 0.994270
0.817580 0.998290
0.003060 0.999770
0.000000 0.998440
0.000780 0.999630
0.934990 0.999990
0.718810 0.999920
0.000288 0.999960
0.019158 0.997420
0.220060 0.997590
0.000603 0.996190
0.000057 0.999940
0.000001 0.921120
0.005247 0.999500
0.876760 0.999940
0.001095 0.999750
0.000191 0.998460
0.002054 0.998640
0.996590 0.998380
0.000037 0.999720
0.504150 0.999460
0.932630 0.999940
0.034551 0.997240
0.050104 0.999930
0.023003 0.999570
0.000027 0.998500
0.007830 0.999970
0.816580 0.999710
0.520200 0.998480
0.009818 0.999430
0.041821 0.998270
0.222000 0.999990
0.000003 0.985050
0.016394 0.995810
0.001001 0.999880
0.029302 0.983780
0.000025 0.980840
0.987600 0.999930
0.000232 0.979000
0.002669 0.998590
0.012757 0.993200
0.000014 0.803090
0.066246 0.999590
0.003191 0.938150
0.398280 0.999210
0.904650 0.999990
0.000027 0.975730
0.171660 0.999970
0.061953 0.999920
0.041452 0.997570
0.987170 0.999960
0.156950 0.997820
0.003631 0.997890
0.989450 0.999940
0.000507 0.990430
0.559330 0.999900
0.419380 0.999870
0.000017 0.993750
0.706050 0.999740
0.585370 0.999780
0.323600 0.999890
0.001699 0.998460
0.001096 0.997860
0.168920 0.992870
0.042447 0.995930
0.004859 0.986780
0.000202 0.999310
0.141050 0.999940
0.001078 0.997470
0.002558 0.999990
0.014187 0.999700
0.706170 0.999770
0.006481 0.999770
0.000000 0.996790
0.006478 0.998140
0.037894 0.996110
0.007208 0.999930
0.865820 0.999580
0.016791 0.997500
0.002348 0.995880
0.980850 0.998170
0.938230 0.999990
0.000618 0.993930
0.849930 0.998380
0.624530 0.999930
0.000653 0.995390
0.698520 0.999910
0.000790 0.991300
0.050381 0.997730
0.000464 0.997930
0.011127 0.995500
0.999550 0.999980
0.000176 0.996430
0.002392 0.999980
0.000013 0.997930
0.316220 0.984840
0.890440 0.999580
0.126570 0.999940
0.000613 0.999650
0.977340 0.999990
0.017385 0.999870
0.055838 0.999450
0.148380 0.997280
0.008049 0.997880
0.000032 0.994460
0.021488 0.999990
0.172640 0.999930
0.000541 0.999170
